-0.023291237932158,-0.0553977543221153,-0.0230105492874638
0.0266270585636772,-0.00650725333805151,0.0579782947436071
-0.0517712118970658,0.0723026337623196,-0.0996552026438078
0.0563216758932722,-0.0554038149034871,0.0933999120721479
0.0235301357252259,0.0619008017869314,0.0421361191085834
-0.0328598940979995,-0.0754337449928006,-0.032767568287743
0.0926471495849607,0.0408226891530562,0.0629195077761694
0.0618438760165409,0.0634729506760852,0.00717888821415609
0.0350535566808232,-0.040838709079505,0.0880766140155211
0.0245623316970129,0.0700684494886817,-0.0432500269925802
-0.0931251270557556,0.0802211526645746,0.0930083439052149
-0.0333443285467474,0.080113479127629,0.0756356696575083
-0.066568774101776,0.0500385041831986,0.00559844055918117
0.00219630387749432,0.0340652524485564,0.0383715639304071
-0.00388272747194918,0.0456981841388292,0.0499155002866669
-0.0212752800344886,-0.0653776691547106,0.0401310805673523
0.0278908058608887,0.0349256647702605,0.0770009936862628
0.0950966328529347,-0.0466259726176551,0.0707145631339205
0.0222489232550142,-0.0525744373867302,0.07140911531265
0.0404523409621765,0.0185597504798144,-0.0934899916733892
0.0328159919016024,-0.0325555159138417,-0.0682931847429482
-0.0242569281632146,-0.0521072138742746,-0.093546839529016
0.0474761947731874,0.094548014490298,0.0382894804310916
-0.0609962272795294,0.013776201290997,-0.00649373406531442
-0.0389676403903162,0.0694604358574045,-0.0684921256239571
-0.0962800686183553,0.00499025945243481,-0.0117131833054257
-0.0967411907507795,-0.0085368410740551,-0.0918793018105175
-0.0875472257793444,-0.0140349569830083,0.0377005444133776
0.0876886301801578,-0.064916075152483,0.000145641552117448
0.0680376663600862,-0.0698657272955757,-0.0840181288696604
-0.0995108233804651,0.0626500800609699,-0.0460375007098856
-0.072744260873983,0.016476606086286,0.0840899930442541
-0.00656138588130542,-0.0905856484012593,-0.080937074380949
0.0899912780397739,-0.00518995444968256,-0.0421208221690778
-0.00152937359608987,0.0128344198606842,-0.0106142090291187
-0.0183791822752445,0.0658703170965535,0.0486999666143885
0.0987932932563406,-0.00490459363247198,-0.0747549676635553
0.0247644185924,-0.0993588699892255,0.0511199931013958
-0.00862795870192297,-0.0187590646669619,0.0995618059052843
-0.0795185899456352,-0.0683610278732239,-0.0875310490072558
-0.0348871480631362,-0.0235676567912772,0.0509990872816291
-0.0777640045415423,-0.0952538214081295,0.0978861993675687
0.0828190802104303,-0.0882214065484864,0.0375370336460202
-0.0694867750644252,0.045168541560674,-0.0404765570457511
0.00697715601293158,-0.039753170575536,0.0459759277540695
-0.0366545236331785,-0.0237950804118645,0.0104907930744315
0.0811183137625276,-0.0577989092963224,-0.0663638138720148
-0.0837191215028679,-0.0665498036582555,0.037859648282061
-0.0955990702057263,0.0219695797760654,0.000764501253668959
0.0994342403118584,-0.0286449343547046,-0.0784653473962007
-0.00956746951209979,0.0796904597429427,0.083838139451402
-0.0159574385642242,0.065189077888097,0.0269714837750131
-0.0841608045052887,0.0238164414345079,0.070886261583484
-0.0257830233027242,-0.0578906951053606,0.0186567278724589
-0.089983128863326,-0.027596515132383,0.0277025066316602
-0.0189935090023267,0.0879747868392688,-0.0262757107707923
0.0455574620151242,0.0325323592485685,0.0892846717379298
-0.0941331335795043,-0.096739565123051,0.0464431251304066
-0.0559192104030365,0.0686756283468163,0.0572393247240506
0.0209983668360911,0.0974086785400151,0.0688731077660698
0.0287382596278581,-0.0568578283046789,0.0563556259168632
-0.00255534947690788,0.0106501792827751,0.0416821522809722
0.0552546357391362,-0.0214676097283393,-0.0072242631599549
-0.0559495358967712,-0.00560788206460461,0.00583518903473121
0.0135661487381707,-0.0269830405629631,0.0661995446462405
0.0683030177840703,0.0762864637477777,0.0610604053071372
-0.057827833431342,0.0488117436284073,0.0069372293491069
0.0459268190049647,0.0934945769787592,-0.0158324492309782
0.0261615079772278,-0.0165487435870386,-0.0322382928369286
0.00392250166590458,0.0871334484214933,0.0907208592299275
-0.0518765277599404,0.0526351248975048,-0.0211745621684275
-0.0731249366978399,0.0751376198802435,0.00719468029322763
0.0287672642143208,0.0737209668669923,-0.0494376938937359
0.00504215438229207,0.0120259565114567,0.0515613284147364
-0.0979753822170531,0.0940937559016282,-0.0815678449607086
-0.0570691968639936,-0.0316701544603641,0.0981563177614279
0.0642512295517914,-0.0450078915482395,0.0612630829412586
0.0158674494679567,-0.0737321952246997,-0.0612272859566546
-0.0697829194543504,0.0926887917747122,0.071549256149573
-0.0842390025995803,0.0185138261913372,0.017309669226527
-0.00827621713345614,0.0621647751070562,-0.0896131638918933
-0.0365948892258134,-0.0802558777285178,0.0100629029316153
0.069343616255513,-0.0866156742730759,0.0889304217835146
-0.0570749109385018,0.00637863285515567,-0.086796121439266
0.0900227640511334,-0.0450402249001805,-0.0672001183826909
-0.00181263431518734,0.0752658325271333,0.016351212859518
0.00972916225007383,-0.0799888033212999,-0.0414397550727419
0.0277692913114589,0.0932785016689163,0.00231776502628831
0.0403668320089306,0.0776132201435929,0.0599459991996024
0.0123689587021284,-0.0369486092637837,-0.0745020914809408
-0.0693005943709761,0.0602475005950632,0.0967405416448278
0.0717087057508976,-0.0699444173742304,-0.0596716733573637
-0.0481637982480156,0.0031411326034045,-0.0180396171368056
0.0408394567480865,-0.0175203771634656,0.0519263543492397
-0.0265710164547675,-0.0566674675716809,0.074379535064884
-0.0872310458941262,-0.0575569528623622,0.0168801696363084
0.0209593127354208,-0.0517109815093277,0.0330526671479011
-0.0290401481099413,-0.036015330751201,-0.0456602368283276
-0.0188870878300915,-0.0169408926148116,-0.0358513527306647
-0.0767895517603513,-0.0964604191731952,0.0194755572102278
0.0728344930396981,-0.0603023506982012,0.00248616116783127
-0.0973066004304922,-0.0544180349131231,0.0844427965643704
0.0132825160981961,0.00452053029040205,0.0935081714643543
0.0963404368147458,-0.0184330512398186,-0.0482158830620721
0.0892996245277803,-0.0104103071950045,0.0718124750078735
-0.0947897875864828,-0.0317874746543204,0.0586165833045801
0.0370979725242919,-0.0180111758795869,0.0997286105996645
-0.0406221333828926,0.070777085892158,0.0993499888201967
0.0862634419348522,0.0184279052084131,-0.0779225251301489
-0.00623944744370506,0.080208607368022,-0.0594774053964829
0.00558713945903882,-0.0318348469854991,0.0725971955519302
0.032652136205488,-0.0664258691714873,0.0893627683388969
0.01269472977691,-0.0876517109315,-0.0801655442527825
0.0232682185954979,0.0667675731805368,-0.0107678712305573
-0.0945743243725863,0.0610423530491489,0.045735338941357
-0.0566269537547831,-0.0532101134843616,0.00152535675374645
-0.0763188109876421,-0.0410204308646103,-0.030431962524073
-0.0247563980890461,0.0317124092166987,0.0521568917697758
0.00699292731800207,0.0151336700370842,0.0858817927815223
0.0983770364882067,-0.0189812891288901,-0.00658840231355291
0.0207825668279085,-0.0380256797895812,-0.0123049963468316
0.0445862466703413,-0.0601811525844416,0.0164809863755567
-0.0876698322131056,0.0664763547522077,-0.00787918724491845
-0.0466669122444059,-0.0274647628749965,0.0281941277764729
-0.0631585817992571,0.0162451083445703,-0.0296198183550044
-0.0708347204074183,0.033995921730069,-0.00658981266543817
-0.0953033860340288,0.00648544764728531,-0.0509961900889829
-0.0873868142004973,0.0403802445501329,-0.0273743633125957
0.0863976806965113,-0.0162725413289559,0.0450138448717724
0.00717537101499766,0.0192423050071384,0.00843386946396396
-0.00865612967450857,0.0309327227905237,-0.0776823354833187
-0.0672521836932164,0.00826385670341507,-0.0650414558634001
0.0528662453646164,0.0829695276856044,0.0925092911672347
0.0775976544576906,0.0584137536249598,0.0334886991743394
-0.0139775250728847,-0.0248553587776638,0.0841706374621617
-0.0352755236517149,0.0354577711416924,-0.00719072342655216
-0.0939785630687776,-0.0450911786107077,-0.0926453413885801
-0.0112535897636988,0.0727785967457882,0.0544475492348864
0.0379451610415268,-0.079625545291765,-0.0333631232409655
0.043274233616149,0.0131815002431148,0.080614957621099
-0.0311857184834857,0.0485091659379401,-0.0505227500577271
-0.0776959950883648,-0.0942067475607796,0.0240283966988428
-0.0995831642672104,-0.0910614010654452,-0.0416832677061008
0.0701820862250181,0.080351298781077,-0.0449064611400941
-0.0130266454097843,-0.063862102769133,0.0459106494657181
-0.0217400150775702,0.054166966726096,0.00225116748051426
-0.0812844267381936,0.0695129050679825,0.0654793675572195
0.0917160103923145,0.0871206767822719,0.0682081498839577
0.00449534700097243,-0.0976452386893951,-0.0116092754269167
0.0959581212244173,-0.0841805284280953,0.0664269656843771
-0.07470025217933,-0.0481921562934748,0.0535047561823218
-0.000888286186655862,-0.0176649828029925,-0.0724254982042242
-0.0360309536785547,-0.0970484978232627,0.0716431317064765
-0.0844502721359434,-0.0146955025109741,0.0158992830072565
-0.0570283015495762,0.0151676978338552,0.0925900380133164
0.0619814019749233,0.0403026048229568,-0.0531915287738635
-0.053627473662208,0.0660816451281125,0.0705098000017343
0.0719570405481239,-0.0685892961071338,0.0757344649664925
0.0409942876571488,-0.0221560166119824,-0.0708650707969642
-0.0659126228877391,-0.0496997495570943,-0.0385413083009726
0.096622899218445,0.00700568757371891,-0.0465192041050407
-0.0824557134042593,-0.0225846098371317,-0.0510476075542239
0.0192701048168364,-0.0973274112873166,0.00857490237501104
0.0351583663228606,-0.0425010744332472,0.0398061220455068
-0.0697840572236296,0.0289295009239544,0.0635734923775901
0.0274739917876497,0.00545373368740127,-0.0847663459388253
0.023790217041454,-0.073257314777409,0.0285658573990904
-0.045346416387348,-0.0617574325551026,0.0290229601016831
0.0514583445653107,-0.0423083822222343,-0.0639053680837906
-0.0418278174369754,0.0877420739493158,-0.0706494439366636
0.0328788615121658,-0.0855885843688324,0.0409825789784403
0.0584254670060406,0.0873803304176124,0.0881548607605555
0.0220061279375169,0.0827514468043045,-0.0689204875736442
0.0396552752781436,0.0708843182037725,-0.068464220360365
0.0183272132131866,-0.0757495898386695,0.0456076785537667
-0.0586140233255738,0.00971840947215883,0.0403981534746313
-0.0649049918493727,-0.0278550709250474,-0.0158886317548967
0.0740329474010933,-0.0604860513019724,-0.00958425023137399
-0.0911256783710857,0.0941632372221549,0.0277845243640723
-0.0914151723669723,0.0381814193659663,0.000615336340044936
-0.0398189463756163,-0.0524314999921749,0.0912788068223722
-0.0628092361184707,-0.00985230756620981,-0.0528476599237454
-0.078883822694063,-0.0633450433831257,0.017376859082497
0.0923249778883486,-0.0846596375730587,0.0496611605150315
0.0361624610048557,-0.0141827836365148,0.0332014852185854
-0.0481032465690553,0.000193397155910313,0.0439617707085842
-0.0542241083807369,0.0532244021152663,-0.0996844815464272
-0.0413506199189271,-0.0998166721367303,0.0673936713359193
0.0759183206487106,-0.0569712664572329,0.0235316324976787
-0.0269110886494522,-0.0902153580238662,-0.0510260780383594
-0.0336517979125787,-0.0813169549169772,0.0531279522215816
-0.00501826686231539,-0.0214548547256839,-0.0852527368866887
-0.083917546319507,-0.0860770778445173,-0.0832561016852949
0.0788330625173581,-0.0377519533281508,-0.040384129167621
-0.0238947516202669,0.000108552873793877,0.0186523589813791
0.00484215242958974,-0.0651930458866084,-0.0209424235509
0.0518285139456026,-0.0466358622348808,0.0421742166282417
0.0715760926238856,-0.0288563039357553,-0.0944380649907338
-0.0833659657826211,-0.0802994240313651,-0.0890186772824125
-0.0788862975709425,-0.0520351731731822,0.0388462179861552
-0.0984342357928737,0.0892897016575043,0.0827858680003155
0.0019635818785672,0.0823726858391877,-0.0906679856951896
-0.0320688133747229,0.0440413055072083,0.0810379149177955
-0.0534369511309454,-0.0992278291191829,0.0539936556559781
-0.0488278132499151,-0.047879701953787,-0.0332977375728605
0.0394120598233587,0.0107583215330208,-0.0525771270200467
-0.0641980260521419,0.0711967315091836,-0.0661524873844841
0.09514257335829,-0.090768381413273,0.0265402059794779
0.0941155861715095,-0.0904196058840482,0.0580762829401094
0.0299437603875862,-0.0297568582087606,0.0619084340989663
-0.0597898245982974,-0.0538312063737087,-0.05601258935824
-0.0969346340907144,0.041740339458836,-0.0209564722332178
-0.0838477670273357,0.0784938875675758,0.0173407412002469
-0.0248332705002162,-0.0206088940827367,0.0945069900096068
-0.0325621448301388,0.0495322226847879,0.0640314357320439
-0.0739898933258073,0.0152586768601085,-0.00876429343455949
-0.020221507246614,0.0389182733221658,-0.0781422948560745
-0.0827419911643126,-0.0839613173970706,0.0321910114476837
0.0775752778827697,-0.0604684035264766,0.00403638792820871
-0.0141678785503218,0.0666575433523894,0.0216714657682019
0.079367733955575,-0.0254024158406434,0.0683261272138272
-0.0300246821498532,-0.023142948099228,0.0510639033917221
-0.0619928588710748,0.0358664484731483,0.0895709127444113
0.068235744420547,0.0784455465884033,-0.0407004931013068
0.0936023624927679,-0.0452589836866031,0.0760256301136091
0.00111609171384404,-0.0816588263282008,-0.0103026362651021
0.00947850581038756,-0.0889797641227611,0.0258843596254432
-0.0926741420890412,-0.0231253081251891,-0.0398653279288135
0.0964968530043026,-0.0119706423751969,-0.00679467911967853
0.0515901334442774,-0.0970720996219629,0.0775469109794315
0.0744267303042485,-0.0856933567437735,0.050036482653499
0.0237899666147344,0.0798014842237649,-0.0155794912666368
0.0659143725129355,0.00520442211108703,-0.0890390063056314
0.0559424414220132,0.0392067322952291,-0.0486504478236261
-0.044651927158108,-0.0114374430445164,-0.0253431247860846
-0.0275769168009018,-0.0452302512821022,-0.0152200860745992
-0.0849125232709817,0.0478317046470264,-0.0828116792107176
0.0976494953058531,0.0284666982372425,0.0706872601937128
-0.0073589560782553,-0.00204896937014452,-0.0755676208563376
-0.0332652417826095,0.0251374317910232,0.021343819494465
-0.0340768829553032,0.0649631787289317,-0.0705254365693086
-0.0489175259591277,-0.0954164037766517,-0.0132883183249718
-0.0748893570135122,-0.059633739418559,-0.0834976031317328
0.00232246950046429,-0.0578693986697147,0.0763484031435788
0.0691264319532828,-0.0150838684400557,0.0054303141220607
-0.0935712701362506,0.00290959050696442,-0.0902955199233616
0.0270563262836866,-0.0111054066763569,-0.0397374727538469
0.0178608644914823,0.0457304464091911,-0.0622981274703263
0.0685869563638641,-0.0991327412777253,0.0476628779756474
0.0358577689883918,-0.0125480239216356,-0.00411841447681498
-0.0296465631546085,0.0296604557181225,0.0574755405809002
0.052409240646493,-0.0204106814159,0.0120104170573375
0.0106302254741059,-0.0357787461887775,0.0861748696798267
-0.0845897172978823,-0.0204185549865565,0.0815767330733191
0.0233233698199241,0.0136713887616392,0.0502073977691824
-0.0332352441583281,0.0957289470780387,0.073202087937632
-0.0136778206765385,0.0746448317174076,-0.0129238364376771
0.0612881903118496,0.060242195144722,-0.00695951599774236
-0.0548350946614291,0.0934492792201709,0.0652760885427427
0.0954389624185707,0.0458968741731485,0.0718404767633529
0.0973359495167097,-0.0876186292925384,-0.00336241499396406
0.0553621905462192,-0.0765714085053363,0.0186699382360943
-0.0959603255111808,-0.096656661093235,-0.0361358133874197
-0.0232299073010851,0.0465964640114529,-0.0181465281517973
-0.0609278130229617,-0.0153201619007464,0.0415413307584837
-0.0792509561675525,0.053338738802524,-0.0371655239964773
0.000208683462939652,0.00340551432728959,0.085745818672741
-0.040062359926645,0.0857191805286752,-0.0858148682935229
-0.0804616424711285,-0.00982765611529759,-0.0523678909106697
0.0632603745274117,0.0129229325514988,-0.0464723783836016
0.0351224125652643,-0.0686266011522801,0.0380210900304247
-0.00912096794071555,0.0489686645171188,0.0697210031020709
0.071989030725984,0.010795231861477,-0.079280677928119
0.0377924028969552,0.0988237015742322,0.0325103711871186
0.0183234374691181,0.00395174944836396,-0.00212251978241427
-0.0189581274294024,0.0581725875683631,-0.0997501591287911
-0.0544220789157514,-0.0658180052236709,-0.0490194968388837
0.0130942507921476,0.0868031810567708,-0.06678241859233
0.0355555315392708,-0.0686714802156478,-0.0554725704417116
0.0835101371311692,-0.0740022279842014,-0.0973207866916085
0.0620595074690476,0.000284429121756902,-0.059606326599579
-0.00995583513246263,0.0486985360787311,-0.0148017159864216
0.0844596613425564,0.0822677455370998,0.0439547690329556
0.00139556374930139,0.0378099021196971,-0.0642807725318872
-0.0973929043278076,0.0112132838277245,0.0323836467412869
0.0447353399132505,0.0197469311494056,-0.0458924726153019
0.0889249816643143,0.0408292741632982,-0.0551871009516079
-0.0268767166760847,0.0254737456212223,0.0996005135350871
-0.0808926000006166,0.0066774482264494,0.0907556972537599
-0.0207898114863921,0.0509220573109023,-0.0807202635235246
0.0802289138210607,-0.035116944510317,-0.0883638080946924
0.0996204677281311,-0.00267189354810165,0.0543568356435381
0.0143623365463538,-0.0376743889688983,-0.0711745236712148
0.0247814694064236,-0.0388582527850991,0.0426417951914227
-0.0270914878750835,-0.0417023332497097,-0.0530727958941279
-0.042584788869509,0.030521925911012,0.087270343576651
-0.0179761657216555,-0.0747637262374294,0.0235729741440752
0.00898289964322911,0.0912957916158597,0.0642865855156649
-0.0467503814449758,0.0217671684029605,-0.0741330160867844
-0.00659966308913351,0.0264254723147734,0.0382656390546811
-0.0773265070070707,0.00752662355056837,0.0316737699693821
-0.0592490569578122,-0.0113185791752616,0.0239502266631046
0.0152499137734464,-0.0314263313148471,0.0234150178545873
-0.0376210588980043,-0.0585215006251245,0.0883264260915223
-0.0503268816040426,0.00351007540555079,0.00255957717590107
-0.0281741023432766,0.038845940576206,0.00343382111304884
0.0136663316846245,-0.000671562917791468,-0.0805750551398609
-0.00903660578049095,-0.0205711149606102,-0.0876136361630836
0.0640557294109265,-0.0684779914809864,0.0799594022950026
0.0837922108756365,0.0454907034202134,-0.0947874033720639
-0.0986155230325679,0.0943887491715998,0.0249600952760808
0.0182094838921609,-0.0687132197266367,0.0222839960233132
0.0171618307902295,0.0845112622710145,-0.00891894085394593
-0.0568334768871682,-0.00834069412009748,0.0993444838943428
0.0382796345710392,0.0548486699111454,-0.0433467970722434
-0.00825912717427324,-0.0342860250665012,-0.00566780787058225
0.0545156784702473,-0.0272329070926683,0.025034459219157
0.00992195308806734,0.0578449165691918,-0.00289323634866756
0.0122778164849124,0.0137726499299907,-0.0496744781785635
0.0343689873491864,-0.0860050304263119,0.0190052538647938
0.0672530749450713,-0.0543957768815458,-0.0297077809184036
0.0197616170698353,0.0677490045651529,0.0658014167918695
0.00483240056318495,0.0311180827940094,0.00795401977064278
0.0862292123625523,0.0518555420291188,0.0338127625172111
-0.00841342122432143,-0.0800010372216534,-0.00300340426617878
0.0515857448799007,-0.066832095541339,0.0634302631575353
0.0537847971251117,0.092291536879552,-0.0268609787470167
-0.0152396324241477,-0.0911414969872864,-0.0703404240187577
-0.0989646359668811,-0.0535723808911872,0.0115366376979289
0.0694017980871187,-0.0464865945311429,0.0244745288234103
-0.011109338881957,0.00409859215315471,-0.018009596957937
-0.0271141559287254,-0.0280247649001173,0.0732799175012949
0.0359032012079466,-0.0372373404952387,-0.0806175224167149
-0.0112366335553909,0.0211493895048171,0.0349794742318063
-0.00498498604609512,-0.0127990399674394,-0.0177366334145747
-0.053589003598283,-0.0586167525642241,0.0638493955914121
0.0045041072288379,0.0911781371811798,-0.012678083714072
-0.021734716489573,0.0317767115602671,-0.0115379403397809
-0.0634853711305916,0.0171496783980939,-0.0950648920756745
-0.0513329487728567,-0.0889983819999188,0.0641881003467366
0.0278151060536148,-0.0536129033569259,-0.0390071455766976
-0.0112217926400823,0.0724679932989027,0.0109350670922183
0.0275560490802056,-0.0868812757162485,-0.0400558378942448
-0.0884036620990638,-0.0490780997137729,-0.00816626642118616
0.00634761441285321,0.0580335591674005,-0.0490154033452584
-0.0712792770112149,0.0916612856624199,0.022669849769271
-0.0627082372779517,0.0107825518797168,0.0852211529432214
-0.0693379399809705,-0.0931429725933725,-0.0713178383840693
-0.0751890789033318,0.0103275568283021,0.0600484635543744
0.0239663597187943,0.0617046928906838,0.0395595116930368
0.0841633855237884,-0.0255797366580022,-0.00340120114976652
-0.0443817434395929,0.0975155036002311,0.0124011110821342
-0.0922246451530518,0.00775746060153484,0.0238245754506448
0.0825319302193516,0.0739840722202807,-0.0332608519644535
0.0623367045765331,0.0427694896246038,0.0544382109235248
-0.0675192681861674,-0.0842381592892125,0.0207915307200033
-0.041323205196767,0.079235742827187,0.0199046457609262
0.0332981367326242,0.0583323446850302,0.0234158487457563
0.0844771790459409,-0.0953595172139889,0.0531204980680674
0.039020415587887,-0.0332014604846734,0.0815058882574662
-0.0875195065498641,0.00866456440764707,0.0824157971205423
-0.00171273955393731,0.0423668058257385,0.0199446170497791
-0.0194703409677023,-0.0254229422109609,0.0203286896594237
0.0426764546600507,-0.0249842445539582,0.0949856153370702
0.0433945086498906,-0.0572433493458554,0.0419187765958708
-0.0737728508656593,0.0402216814085036,0.0636288768178477
0.0393733893200932,-0.0861707151930186,-0.0312773008599601
0.0995596588118262,-0.0334488821088317,-0.0623184170651905
-0.00431664217601258,-0.0975222082778994,-0.0506699054324307
-0.0092376793458973,0.0665323071787409,0.0827562048926624
0.0991951460537917,0.0372155595186753,0.0483857487885198
-0.0514790802481195,-0.00966092119529582,0.0927420946306462
0.0625443139750181,-0.0902023565758883,-0.0852081960016683
0.0924062000016515,0.0156270294799701,-0.072158128902719
0.0374782022909869,-0.0590310838685556,0.0902200943668312
-0.0262428193158336,-0.0306425686093238,0.0340340729115876
-0.0172434607230438,-0.0683812174808854,-0.00362042359679211
-0.0650899432745415,0.0216142972420883,0.001516661831875
-0.0342112999850429,-0.0123044290882711,0.0425556037483852
-0.0671846530411558,0.0445252544956537,-0.040215410681575
0.00374659980988863,-0.0165228647982421,0.0581470251982273
-0.0599383283812128,0.0416437868171216,-0.0283941889527479
-0.0259505498192875,-0.00852788223956422,0.0841688941350967
0.0629885803577006,-0.0614167391109611,0.0369146744924973
0.0186130415776573,-0.0479600293177814,0.0818788012157379
-0.0453369128808054,-0.0252502849948131,0.0830356152904513
0.0315330830551232,-0.0600056550841558,-0.0536363285642099
-0.0608826908496767,0.0983783794886584,0.0828122552386486
0.0306302397780171,0.0668991031891697,-0.00847144267217219
0.0247587965279624,-0.0857247919979491,0.0993188090597854
-0.0810794160529047,-0.0292011386053553,0.0745807884850616
0.0316106747445402,0.0466369660291482,0.0106494279336681
0.0925835467227232,-0.0458314784276916,0.0201236002729842
0.0499639976418376,-0.0448597274684799,-0.0513129552540589
-0.0814027617353162,0.0282693187349777,-0.00186396618726039
0.0560661600328513,-0.0090574888948731,-0.0754698765312862
-0.0114894484121948,0.0564002918777607,0.0233261929558535
-0.0961048782996721,0.0872225835871656,0.0107116783020387
0.0546320151423382,0.00890407172082839,-0.0580278163003054
-0.0260026987079056,-0.00373525553647578,0.0664993135955142
-0.0288490391156147,0.0802975055178493,0.00587557676815109
0.0159509941832464,-0.0416709091524244,0.0971576713865974
-0.0863551332740961,0.0487099912964888,0.0400655685749056
0.0346415367703479,-0.0268001064744628,-0.0035754283475393
0.0835349007877892,-0.0761348510223546,0.0222480380197526
-0.0790370017353561,-0.0868902459384595,0.0254516671981761
0.0115928605135433,-0.0768963350385629,-0.0657904399218204
-0.0945023634641851,0.0642682082191921,0.0181117575634649
0.0430462980750977,-0.0689342300014962,-0.0732668603607484
-0.0701697680389634,-0.041012608865158,-0.0794233597351506
0.0352812534081585,-0.0543759085757718,0.0692275638332903
-0.070647577102074,-0.0885120447092155,0.054711211524197
0.0223477738545638,-0.00940439641937609,-0.00513315354089214
-0.0401441651656671,0.0328512231003061,-0.0498194295071557
-0.013333292937256,0.0845013405615779,0.00114390578781716
-0.0962553083988635,0.0458358804626934,-0.0871879341801998
0.015849764117745,-0.00611494374028028,0.0120832127104673
-0.0940911031760604,0.02536328587938,-0.0407674412335061
0.0872268080016538,0.0159999042895632,-0.0998236139362328
0.0177303662633521,-0.0710494025829446,-0.0929463385514134
-0.068461138671047,0.0848196263575994,-0.025226770294004
0.0423949877639287,-0.0848286083855298,0.0636647101540299
0.095341768823369,-0.0747711003858572,-0.078565076215161
0.0796621455952848,-0.00154964133308373,-0.0172835844991529
-0.0430681372369762,0.0207986307757709,0.0959852451241145
-0.0503530218940377,-0.0213045594547908,0.0995223946832141
-0.0126859222824933,-0.0180976493061786,-0.0593818023454511
0.0923508293100002,-0.0539606871747764,-0.086479749022843
0.0725956143818553,0.0947465140489471,-0.0583536575033547
0.0934249012628112,0.0741931440699787,0.0888314760342351
-0.0166684520009711,-0.0119391605991028,-0.0131140859460374
0.0831891132114179,-0.0144268672349738,0.0794411508576413
-0.0931690296295423,-0.0143278494695266,-0.0645299796051559
-0.0675241052839875,0.0665051137071821,-0.0880121278438174
-0.00313024888444937,-0.0959227337855358,-0.0522026695447986
0.0492736844232007,-0.0700004891730748,-0.0753873217329056
-0.0123695242748084,-0.0692564293560997,0.0544714665832043
-0.000683158325502808,-0.0887635065719463,-0.0558747360495599
0.0094875922525433,0.0328978240647639,-0.0253151747179597
0.0145988490295616,-0.0263007559000925,-0.0305762247392339
0.040742086117742,0.0433620473849074,-0.0469672863542396
0.028627836608907,-0.0481716532643093,0.0810653701999348
0.0845886018120053,0.0602208505343787,-0.0795638047502136
0.0287554684106407,0.0879774082642677,-0.0156402292046321
0.0592729915356568,-0.0223043153827223,0.0259107533132236
0.0818264417301263,-0.0560207129919025,0.00566058255112647
-0.0744135332640913,0.0334433388314998,0.0841294907658564
-0.00494780144152318,0.00544773052539325,3.60399808106537e-05
0.0104902038595382,-0.0487286558030136,-0.0886208808928279
0.0500051504237674,0.0697299269775615,0.0532885354483336
-0.064823156413123,0.0257424181402299,-0.0176363571627355
-0.01039461241177,0.0603278333941456,-0.0210083288279719
0.037363394131866,-0.0781161016710894,-0.03562692591182
0.0807770580537381,-0.00989730288325206,0.0867653432563089
-0.026607320972682,0.00377281803171898,0.0637801070059214
-0.0553835144097325,-0.00733728929579069,-0.0789264695122857
-0.0406722497514707,-0.00106241309431139,0.0293389353629548
-0.0418951781019159,0.00547801555385246,0.0410140118402757
-0.0747600335296409,-0.0924819364689279,-0.0232532285223446
0.0576392058333937,0.0656639097039355,0.0874808060133743
0.0989747419919101,0.0534532848609603,-0.0584199558975969
-0.0527367662389642,-0.071676207567364,0.0863608658411021
0.0391979057270702,0.0957179708166178,0.0274128946648281
-0.0925509511178901,-0.0708085236809693,0.0909013466362191
-0.06958473344837,0.0917062951532325,0.0579783522200367
-0.0952051316971092,0.0584893191221637,0.0329229666443352
-0.0169051307539667,-0.0048283926246854,0.0810095741149425
-0.0495173970089225,-0.0828972999437332,0.0785780142626932
-0.0191949694654657,-0.054297976072335,-0.0541985111959361
0.0284293619329037,0.0330693688493311,-0.0200505778777836
-0.0698670256836969,0.06388076316333,-0.0305067178691341
0.0102955152330158,-0.0908479603675282,-0.0381688216876553
-0.0869007871741295,0.0272673973148438,0.00245605108068883
0.0883897753115237,0.0812887712719223,0.0562722662995806
-0.0678092404465512,0.0211300257966968,-0.0515339463031511
-0.0824821041267592,-0.0677705218834547,0.090582805404852
0.0296336794982097,0.0144206240322572,0.0663784758744282
-0.056774570544785,0.0299053708880004,0.0465307851630125
-0.0282082784518983,-0.0581284903857532,0.0096790803736136
0.0134766399284388,-0.000433794781721719,-0.0492701300035773
0.0590967788930747,0.0194017805769595,-0.0026054524903798
0.0375186311391026,0.0827687252454847,0.0669270222404784
-0.0590278712734337,0.0277024220647046,0.00639856010096991
-0.0498662468078451,0.0457505109091665,-0.0808754645291718
-0.0101937982199378,-0.0739014735258786,-0.0607650951958831
-0.0314989792149091,0.0376489146382195,-0.0983081518131212
-0.00658454021329882,0.026628262178678,0.0433380450186813
-0.0664853830324382,0.0728177832271676,-0.0837429474893106
0.0589961725026865,-0.0638856764470143,0.0282347275895318
0.0642494454982293,-0.0896607400791105,-0.0479686930701194
0.0366625537951374,0.0611764189198691,0.0583022883883094
-0.0828958157836909,0.057240290881763,-0.0285389819572311
-0.0275619460515541,-0.018949421309231,-0.0547163220253701
0.0626598269759755,-0.0390885747475958,-0.0530736827312976
-0.0326660420355832,0.0865742832985346,0.095709771405042
0.00777009731205827,0.0882369137860252,0.0711651047820374
-0.0248793688818878,0.0880047984520861,-0.0450613664108342
-0.030354793288078,0.0258644793451929,-0.0834867538368105
0.0541287707507589,-0.0828381980893943,0.0396109111011298
0.0408810098463522,0.0249550292196875,0.0333461777459091
-0.00655487152582004,-0.00650049632698764,-0.0883625486520571
-0.0923510831412169,0.00837071105923499,-0.0301288903823051
-0.0950939610509216,0.0735134273775699,-0.018013874309003
0.0451355093400738,0.0159624516437186,-0.0793303894093276
0.0289557299876902,0.025609902551285,-0.0843371453835504
0.0057446404711984,-0.0314508459608053,0.0410569387009212
-0.0591451926813189,-0.0971432423912791,0.00550384277295484
-0.0658894629600281,-0.0259644291068809,-0.012403103229619
-0.0434692338511859,0.0110128136869059,-0.0262566153130591
-0.0634641581069821,-0.0921490141210047,-0.0609316487028135
-0.0890689605627702,0.0404283793571377,0.0706922874282217
-0.0864190646509737,0.083372780303516,0.0732546947719264
0.0798311345722695,-0.053630258583381,0.0520748697058092
0.0481231491842171,0.00452113591735095,0.0765606151938989
0.00314144784818775,-0.0880365388945429,0.0303265947134273
-0.0590804550917659,0.0166788560066743,-0.0784046902042076
-0.0443962680366109,-0.00175678046062711,0.0551619114669895
-0.00200660293818091,-0.00893444976151732,-0.0406079768101529
-0.0647704219954125,-0.0270178714078262,-0.0720290641056809
-0.0294969546758419,0.0613630808340497,0.0259206448970706
0.0700102324934472,0.0230614415564663,0.0786553368553315
0.081996379252311,0.0791653756464375,0.0605334219827747
0.061919518978487,0.0616023389067401,-0.0532540065376244
-0.068871978842465,-0.071601050019465,0.0503149762592596
0.0627582044427604,-0.0671614086330589,0.0375321190575042
-0.091292126503756,-0.05083543176945,-0.0930556217908308
0.0304693272436583,-0.00110867950302995,-0.0667014307711536
-0.0686061462625265,0.0823149774396459,-0.012417621593735
-0.00640952895421787,-0.0493470075475842,0.0469734059126218
-0.0867205705027107,0.0150334602766571,0.0789674341469087
-0.0881531284310494,-0.0856676821769629,0.018334593918894
-0.0181783132858641,0.0584787495322278,-0.0926611912654174
0.0229488077375132,-0.0830509983478306,0.0133605978156547
0.0995773784802774,0.089815467268091,-0.00860854000338282
0.0744656189917956,-0.0529609118354798,-0.0619876858666953
-0.0562289551660662,-0.0212425699743598,-0.0448199581002389
-0.0892669976848212,-0.0131860826275644,-0.0776935382298527
-0.0620227283738553,-0.0816732892465432,-0.00481532688452806
-0.0667141613623994,-0.0842435420504625,0.00431848549651561
-0.0698605908932637,-0.0800922538841426,-0.00157711725284593
0.0129838277309791,-0.016783427076859,-0.0385021862609163
0.0216031827737255,-0.0240554458647173,0.0253990779714633
0.0624624030000882,0.0745543353926849,0.0841852565203931
-0.0696038628410876,0.0194983668464568,-0.0631582210913334
-0.0645623273578512,0.0881894485572123,-0.0851506228163929
-0.0529387042677205,0.0927897646280665,-0.0159210095789916
-0.0299177262184042,-0.00420216481531714,-0.015017750096329
-0.0554207887279541,0.0477475480712668,0.0236671232516165
0.0306956332293753,0.0400810329697133,0.0460730035738877
0.0843622464288696,0.0422083744658588,-0.0166752393822079
-0.0246714792613175,0.052439184120666,0.0909349344282554
0.0888170382013204,-0.0104009875103039,-0.0578841427347307
0.0311448513984654,-0.0171543840773476,0.088609095076137
0.0155872786763426,-0.0226656676376941,0.0990993623479436
0.0196406197343667,0.0124883832977684,-0.0494095423103164
0.0726222177641326,0.0185811238044261,-0.0826992335404352
0.0864171624405827,-0.0648128904189186,-0.0667963253231083
-0.0262330849260006,0.0522737909012196,-0.0484728457869543
0.00671309497641748,0.0499578954324806,0.0435097311382814
0.0415019352824616,0.0281841139451798,0.0622567986896996
0.0130140818938046,-0.0530021113839418,0.075861337793326
0.00107696811633449,0.0300554789635759,0.0958997891594018
-0.0976601018535256,-0.0288984913484026,-0.056878914718186
0.0225986903540894,-0.0245368260887759,-0.0386137677791884
-0.0886074012690208,0.0975466242398085,-0.0113855719964097
0.0173731631562983,-0.0890368469811519,-0.0494127186972619
-0.0453765598698872,0.0467044391404422,0.0418626288911887
0.067174408350218,0.07430460091864,0.0937274330131365
0.0798531701103039,0.0925027583561931,0.0319575664422356
-0.0596947031091413,-0.00296448339251161,0.020457760920394
-0.0696346737769692,-0.0109031207641069,0.0959827338427596
-0.0736517282695783,0.0886355686665052,-0.0225955926357143
0.0648053290707306,-0.0277055577170743,0.0429325474959888
-0.0873992963413114,0.0787896163487069,0.047658765907558
0.0871392186133764,0.0595100403730956,0.0128650667028609
0.0197708101776257,-0.0642034980269693,0.0300879618490063
-0.0569393166612819,0.00364313267124667,0.0560426567617648
0.0858715814996921,0.0917933698202587,-0.0936344708100106
0.056103351111687,0.0625046379996674,0.0336592500638854
0.0924029491495434,-0.0204501756336222,0.0640987352681424
0.0440137660524155,0.048570742558543,0.0625599823277944
-0.0489462620006703,0.0476951634857908,-0.0276952058361906
-0.081776113962451,0.0530471360712472,-0.0986641955315986
-0.0758126035483049,-0.0783941528873367,0.0702305615294362
-0.0348236233572899,0.0201110806312966,-0.0185731134481982
-0.0916032610076699,-0.0426512207797767,-0.081531302080709
0.0661859431270251,0.0715864987296635,0.00396989762010396
-0.0880393491119874,0.0138161377944708,0.00906105114302194
0.0359280733547714,-0.0648377186987388,-0.0413330210949487
0.0745925080119671,0.0639295471947525,-0.0382861508299565
0.0155440238201288,-0.0309069168996627,-0.0794000718582263
0.0423565361022114,-0.0162055244186995,0.0198988003404237
0.0747342464700309,0.0424089306893837,0.0416265339184662
-0.0794062601830779,-0.0413936418301284,-0.0899253635647303
0.0915010239679222,-0.0136810110666533,0.0448325227161254
-0.0743497475391278,0.0449947594513339,-0.0307447158425646
-0.0330261257959507,0.068577734010707,0.0894697246197693
0.00271832530957314,0.0768815768970529,0.0146306031564716
0.0365502258754345,-0.0467016323756388,0.0706217200292609
0.0969594680588041,0.0260668984934161,-0.0783650580625757
0.092907015776504,-0.0334550629601946,0.0986807710352316
0.0489836692877759,0.0428665658555417,0.0330843790477506
-0.00572489571477774,0.0284383499930993,0.0495323662477559
-0.0912523712512143,-0.051482892323252,0.0878249196896568
-0.0289362386098925,0.0549298431476478,-0.0841750678146633
-0.0441434369787442,0.0676112079822541,-0.0953995557228552
-0.038569575718097,-0.000615194651610018,-0.0551275582443553
-0.0632465380690904,0.0229965627903982,-0.00377565492723662
-0.0458628725880957,-0.0110485875791531,0.00578144365361568
0.0142887576825416,-0.0110680297246937,-0.037590245721144
0.0500859160012336,0.0767882782376631,0.031082492287864
0.000689955253148855,-0.0506772970804705,-0.00268543032980242
-0.0124531846252457,0.0154253110087418,-0.0217810337185198
-0.0451153338015482,-0.0204576879018675,-0.0558589793688109
0.0064329736760341,-0.0950414730499753,-0.0136798616499713
-0.0125777075443738,0.0557734174271743,0.0547526225372467
-0.048188961491911,0.00215271192768403,-0.0241619093896645
-0.04595476710504,-0.0980586414858431,0.0470888991573239
0.0477901126794144,-0.0116176506895631,0.0673927884419036
-0.033851096550336,-0.0836053520258198,0.0839610680949529
0.0512738464193208,0.0391528522644438,0.0850242529669369
-0.0199905841503821,-0.0474025819657931,-0.0334572993004997
-0.0186411944949898,0.0195291404526227,-0.00919330821486461
0.00357934334084338,0.0811299490783224,0.0517180517706531
-0.0259840246548445,-0.0373708661029037,-0.0146874304181112
0.0745144537815959,-0.0865354669227406,-0.00732996610022993
0.0475496403015606,-0.0475018929766781,-0.0960676527777286
0.0870036075880569,-0.069979217119652,-0.003772212965536
0.0578964860311495,-0.0482637323830039,0.0160585776239103
0.0353125441571448,0.042150102215003,-0.000313403212175034
0.0547005163961519,0.0626348576191975,0.014818748734766
-0.0491864636710286,0.0624464739705606,-0.000838584718845348
-0.077368115574746,0.00633209429404227,0.0292945734122922
-0.0754013476608925,0.0980609074430864,-0.061387040613265
0.088205645090537,0.0591212819422765,0.0573679826674531
-0.0301859945027733,-0.0717571564619964,0.0157031886904815
-0.0683779490796801,0.036874944325685,-0.0214030291592157
-0.0459786933072426,-0.0359966692141535,-0.0407218803016932
-0.0988783948272844,-0.0802641026775789,0.0233881383964687
-0.0622091427298423,0.0877013803908058,0.0635245456932682
-0.00620339214015606,-0.0402322630193725,-0.097487602017881
0.00843698014082279,0.0676139812663465,-0.0953197323744433
-0.0732708521203461,-0.044439357520518,-0.015472954189229
-0.00398370496527576,0.0840185679765049,-0.0527339754270607
-0.0156671991127175,0.0552945449228041,0.0888766479118953
-0.071734179238224,0.0333949819725752,-0.0560908568301168
-0.0830752467867904,-0.0815344457145739,0.0998539963698842
-0.0133927254969402,0.0660349481785443,0.0365461845767449
0.0360199645691679,0.00952819471888173,0.0413363336264957
-0.0424407818296329,0.0723069086715913,-0.0128425954637704
0.00911365446407486,-0.0191112041970947,-0.0884828206373113
-0.0314489602332294,-0.0341844190813551,0.0964570659585485
-0.0833032272841128,-0.0277406750018264,0.0803331594942
-0.0162907520709627,0.00187348322808287,-0.026634659717787
-0.0789087346853845,0.084198038127335,0.0234530485451645
-0.0160584596169954,0.0663030394548424,-0.0383855508846158
-0.0307996359890917,0.0039553296945088,-0.0178700379875619
0.0333918946745139,0.0468803539219108,0.0789591351322354
-0.00922121290305316,0.0590171458232971,0.0651216401016643
-0.0363678609741335,-0.052346184269078,-0.0810833536506843
0.0891805114230742,0.0108199428295221,-0.0498814359581793
-0.0798539981544772,-0.0272481098087087,-0.0104174529219467
0.0805880674818934,-0.0149119682532461,0.0781869353924943
-0.0538265397002015,0.0980336582938283,-0.0240607078951208
0.0198303435137534,-0.0120599271619836,-0.0778909503473586
0.056065218544395,0.0473526192460387,-0.0203347014022934
-0.0486675436773896,-0.0550683337824611,-0.0672035961814023
0.0170230379301874,0.0527414354238088,0.0286926089102395
-0.0860950251952184,0.00256000094406907,0.0913304802939001
-0.0105446521042355,-0.0728825238901785,-0.061314748645838
-0.0089695988746987,0.00424678966950827,-0.0896019170922754
0.0701091716752354,-0.0790645306008459,-0.0993058162593715
-0.0246478293531381,0.0863546904251038,-0.0224033101342579
-0.00555563261492629,-0.0287155777307093,0.0455704810517687
0.00973987596706629,0.066486515368874,-0.0613573651408824
-0.0888524063505721,0.090460122846947,0.0335641938052542
0.0286252727135674,-0.0843644832248258,-0.00222344887680506
0.0737697022203668,-0.0258570178562178,-0.0032378408396305
-0.0930055338211811,-0.0352823448901454,0.0153242601994034
0.088927137458616,0.0306910608334218,-0.0625618453765172
0.0411181833893153,-0.0595189903513502,0.0739182276335163
0.0599659143168213,0.0126929899076888,-0.0528662936330247
-0.00681987637615997,0.0220607766276358,-0.0809017181869442
0.0702555892348723,0.0241001062743528,0.00827305557143319
0.0204134255452342,0.0902564706560256,0.0471595476725721
-0.0554021505912936,-0.08428418037524,-0.0806774323502295
0.0518040706823049,0.0471938170404696,-0.0816336408848215
0.0758164632680375,0.0244898966340382,-0.0727708391298694
0.0177052124952754,-0.0521345773325818,-0.0989562285049831
0.0699278883075887,0.0329641478056746,-0.0334326668383508
0.075688314301488,0.0826060735961102,0.0681130895800677
-0.0662635572258318,0.0122438233639521,0.0679179739025889
0.0688356863925304,0.0692647910125003,0.0081707003305868
-0.0853888542325111,-0.0386801664172324,0.0370875380934504
0.0420123677881541,-0.0655062335562376,0.0182420943632647
-0.0120402971495412,0.0772551909763303,0.0259736406072353
4.23445938854572e-05,0.0317331626651488,0.0036827252434313
-0.0925698822156094,-0.00861388733500352,-0.0597382289325706
-0.0792461304673886,0.0292345186323728,-0.0816232852901592
-0.0780472975567639,0.0179698925806655,-0.0349523319502594
0.0325182767193976,0.00186756881050436,0.0227344164551083
-0.0310211934865582,0.0963569452741567,-0.00409517964395512
0.0183976141064687,0.0655255111413135,-0.0135723995991834
0.0680406892425471,-0.0534997113086307,-0.0343898218222992
0.0429435957210059,0.0428744912271613,0.0713353259883984
-0.000764384801482265,0.0933338367832766,0.0747979529934246
0.0796874500402593,-0.0580740922623672,-0.0119016132169396
0.0704975381725267,-0.0485187081475735,0.0324131549808754
-0.0213188528101137,0.00601258960557107,-0.0952998011296312
-0.00213089827726045,-0.0491512051500206,-0.0560703376556105
0.0196692404186659,-0.0368057921190106,-0.0628105702354689
0.0598300229212307,-0.0923776915653373,-0.0622455252580737
0.00209909986914707,-0.0812428088635944,-0.0798699288297862
-0.0651603175178865,-0.0996265548707362,-0.097136353666644
-0.0732645687827049,-0.0439607631397613,-0.022367253427646
-0.00882101715351886,0.0881860976392871,-0.0698372403626824
0.0497619900462628,0.0883703876905825,0.0666973456352539
0.0630381167544893,0.0417045792410395,0.0377831624533187
-0.0452959481303294,-0.0662416261965232,0.0095251893899893
-0.0124606172081888,-0.0002933155701766,-0.0138346904037408
-0.0850833493788543,0.0830811628993058,0.0632314663272157
0.0427445559397162,0.0659127070529529,-0.0424589139989779
0.0036567679547205,0.056028264196697,0.0621034694601635
-0.0994093468645712,-0.0665845271207871,0.0743624297822693
-0.0557571659617648,-0.0824159756973505,0.0674657955726559
-0.0507039654278371,-0.000771016127572288,0.0596392454750274
-0.0506982179712809,-0.0260609873723638,-0.0309458330762772
-0.0158282568806128,-0.0798497766384946,-0.0902025133038664
0.000351974202708716,0.0579631442404093,0.0674528842986404
0.00872495135758684,-0.016961519331126,0.0256350588500638
0.034029858489548,0.00293887112977207,-0.0398273481314999
-0.0701052336026807,0.0552836010014043,0.0310753411605372
0.0934644355235302,0.0111182971455548,0.0815713446797122
-0.0652376670173268,0.0849255463252237,-0.0604187686791445
-0.0461852851354583,-0.0827688460600785,-0.0326810437858605
-0.00937383228888944,-0.0161284143820844,0.0561282785306749
-0.0312616032070418,0.00279235120507728,-0.0251838027584044
-0.00631524654404971,-0.0285110839135994,0.0730677738629607
-0.0219871815344929,-0.0167605606315556,-0.0174666808418759
0.0459579358711553,0.0301759360256385,0.0894644977939319
0.0160915060698164,0.0875932706567621,-0.0997329802942196
-0.0424132447028933,0.0898455306969211,0.0571992950715377
0.0764240292457233,0.0798289802214017,-0.0497739876438006
0.0531273744919473,-0.0532944308123877,0.082399783963773
0.021178041217197,-0.011987322505283,-0.0407169929501611
-0.0965742266804148,0.0733759568929129,-0.0360516405707029
-0.0419292415751223,0.0707462376523742,0.0726967798198497
-0.0417655754741009,-0.0157930132213739,0.0705988273393841
-0.0721722320067763,-0.0885844056362575,-0.0615445877302481
-0.0419805608661598,0.0645890326053757,-0.081662590287742
0.0629682715887739,0.0261025311449419,0.0166199048311626
-0.0951885639002824,0.0850451284106113,0.00419487831020917
-0.00912657194701913,0.0664729446734858,-0.067058758780054
-0.0575540481906018,-0.0406761558431493,0.0467365334316795
0.0564308042560483,0.0603129390669187,0.0145607876628247
-0.0209672807182438,0.0328639561010835,-0.0575734122475127
0.0514862847229181,0.0469130358356589,0.0626203106910645
0.00363614475070462,-0.0957550429112083,-0.00139211484139485
-0.0900520491048751,0.0311352697989607,0.0712885511039216
0.0235001023569849,-0.0526215653907293,0.0240424885878484
-0.0165009961449774,-0.0462401724367,-0.0325266050963793
0.0477671748570511,-0.0282360792380269,0.0174076887150072
-0.0199937651803297,0.0459658462714398,0.0512671993963138
-0.0560587482071528,-0.052314375171256,-0.0198058285755403
0.0466918284527733,0.0854681852323717,0.0335847035498781
0.044588726282501,0.090646109965464,-0.0407328073469339
-0.0832136841122492,-0.0700343220604328,-0.0585510846357533
-0.0486153204394571,-0.0150776482724424,-0.0625655200800211
-0.0306785310186875,-0.0775267743380423,0.094409674617374
-0.0448228074938594,0.00706412653296322,0.0554406406965655
0.071515620444622,0.0284732206935444,-0.0365659642642729
-0.0130862904143991,-0.0915161151431211,-0.0909959806361286
-0.0350747714239676,-0.0238043458390952,-0.0271721250501582
0.0658077656299066,-0.0707714817266075,0.077896219089651
-0.0987036723187976,0.0303361378348812,-0.0918365590138105
-0.00578644443615033,-0.0963739100514505,-0.0516996359465956
0.0978341872358031,0.0901908599712408,-0.089254248423248
0.0633718061284402,0.0161110701403824,-0.0736814866074171
-0.0306910118181523,-0.0227864176560588,-0.00124786445601921
-0.0294154644150548,-0.0180595448278262,-0.00375163477847722
0.0548533830875339,0.0147758172866816,0.0549724409903985
-0.0863115080435939,0.0901872899735099,-0.0625699428129201
-0.0501517112166256,-0.0300031326182441,0.0363908069152351
0.0432250443167348,-0.00309299923202766,0.0868611786475779
-0.0153235698357799,-0.0607455813909543,-0.00993556565366549
-0.0483283076564637,-0.0554705212907455,-0.0031836156376037
0.0691243510103212,0.0873215892907898,-0.00203063077574943
0.0778829129633607,0.0663148917766265,0.0747156716964979
-0.0264366299234737,-0.0756775381272514,-0.040789085322183
-0.0304243624748239,-0.0427930084542554,0.00401166262100023
0.0955256950858916,0.0446141586595248,0.0427580322795388
0.00518632488660911,-0.064686951669801,-0.0613335175225327
0.0571334403339814,-0.0893991221325604,-0.066209257560216
-0.0442788634818171,0.0930605717994122,-0.0282343601880952
-0.0686381500177143,-0.0275927339643536,-0.027347272853961
-0.0730770796874759,-0.0546516121396661,-0.0714602232178323
0.042579214406309,-0.0151564678289378,0.00215594756785362
0.0416806722680492,-0.00905362953094138,-0.0138204322419126
-0.0391615385718843,0.0406065541444889,0.0348516491523815
-0.0577021625901036,-0.0282913455754982,0.0686738682609308
0.0757129583515073,-0.0952658629547577,0.093112251744751
0.0540038696399876,0.0363901851390569,-0.0384838105461046
0.0364292159466185,0.00203367836033885,0.0385874140241621
0.077011618581712,-0.0387682434565271,0.0261010835682973
-0.0148873471410617,0.0160427412218272,0.0454842040034835
0.0550229327355303,0.0567476453716354,-0.0275787231616056
0.0571734210144172,0.00458504608036785,-0.0726873688724681
0.00270393538896585,-0.0190143101482793,0.0733991834185225
-0.0916559042883916,0.0137550564544409,0.0349553999838302
0.0106105465533564,0.0404481233378158,0.0637344642699599
-0.0168451443506783,-0.037749385456594,-0.00436185730015339
-0.0532216898057093,-0.0441681692346703,0.0293212277366031
0.0435638279821154,-0.00124484944899721,0.0215890558547661
0.0614483393319631,0.0330273652156732,-0.0182257527061849
0.0776668530425649,0.0982786411861819,0.0207524204244346
-0.0444018300348897,-0.0806207389057057,0.000408755681935369
0.030058003246802,0.0940900074568831,0.0934027754917628
-0.0120245363275781,-0.0901372513455302,-0.0165446999539733
-0.0325638949918235,0.0977297785176811,-0.0298395500046332
0.0211316233792348,-0.0538378816414429,-0.0252550518497372
0.0159585225940844,0.0165964314538576,-0.083496265629725
-0.00464763495894194,-0.088708890606697,0.02014905233205
-0.0951439692906017,-0.0745283292724775,0.091321351368088
0.000938590317080545,-0.0716303112040357,0.0169651059897453
0.0372291108776172,-0.00240747434025543,0.0655093125320404
-0.0991444066002176,0.0957683954716315,0.0675992013873321
0.0204340346610344,-0.0212295720879452,0.0674059518072176
-0.01071958703473,0.0531736247365561,-0.00986882643457139
-0.0632686154252658,0.0576606921426355,-0.00368546001434176
0.0731003696356591,0.0307688424172946,-0.0696916230940495
-0.00820569911846822,-0.0636801652693058,-0.0332355335141437
-0.0197696908617594,-0.0964368720717488,-0.0301922157513015
-0.0215510163428573,-0.0988207127530199,-0.0138048724589559
-0.0765936359046705,0.0539564619031735,0.0238177243027743
0.0766348231620063,0.0269990456111166,-0.0262093205161918
-0.043387345879225,-0.0388690723987072,-0.0421285099246145
0.0228700236645985,-0.0564221419631369,0.0440301375321928
-0.0858754197043486,0.0162819153911302,0.0971311587283804
-0.0063590604138754,-0.0491326375344895,0.038154997857876
0.0185214637708685,0.0743765206432346,-0.0235813386514511
-0.0659337557881066,-0.0164585862824141,0.0565127500393829
0.0552422818815224,0.00629886744605073,-0.0528472710216156
-0.0207981385650716,-0.0895858935473235,-0.0461314939915424
-0.0805003512054804,-0.012286080973121,0.0585230931451299
0.0507158790009073,0.0194264502695734,0.0248465449211248
-0.0502956353279328,-0.0740528550500446,-0.0374168298202115
-0.0803165345985035,-0.0761156780950769,0.00519977073857592
0.0555307316060342,-0.00302183670915148,-0.0543820233441811
-0.0401404656249801,-0.0755756808548249,-0.0507578733921404
0.0811078790340471,0.0954712632856333,0.0940973541154589
-0.0231784493241959,-0.0424297895135205,0.0897103321816461
-0.083122755345942,-0.0506817019329466,0.0760391129837456
-0.0444578428430261,0.0593029372316592,-0.0746026074957458
0.0893883375271415,-0.0749028291567772,0.0293267819936348
0.0842288433210662,0.0497400568628206,-0.0777403056487043
0.0616026288669351,0.0975723300171935,-0.0356939692499713
0.0845624010470072,-0.00391843735460302,-0.0381191419049266
-0.0719293782720663,6.48084950526151e-05,-0.0588200072377414
0.0317156440758973,0.0142160217070446,0.0530422225629019
-0.0304874139089822,-0.0828558269897223,0.0611599114475546
0.0669689756828677,0.0532711241103637,-0.0295943913839052
0.0654100511647198,0.0248046612615479,0.090581557019053
-0.0383190659010211,0.0709075881664328,-0.0657133647071816
-0.0101172699932318,-0.00963509092215622,0.0355195631394028
-0.0787480197154768,0.00962786492314944,0.0400429936601056
-0.0809454802274031,0.0225188643481457,-0.0419463293882679
-0.0367620124183803,0.069824632483747,-0.0828346651981017
0.0122304609938639,0.0249751420814211,0.0308354953611712
0.0563777154302835,0.06457482490414,0.072482775232093
-0.00679260060945477,-0.0495691935570421,-0.033296291949576
-0.0166841007473879,0.0375124913600488,-0.0446803825183825
-0.0476369371988157,0.0392872972220221,-0.0849663383212782
0.0385618336274562,0.0197603285929961,-0.0516391003194369
-0.0328891202909831,0.0989338693580464,-0.0391106455676892
-0.0822230950730072,-0.0868629318032412,0.0555610918308923
0.0648704749765468,-0.0523518674362818,0.0578573034006306
-0.0775300630040998,-0.0486313163093782,-0.0201119007839402
0.0147260243808684,0.0400428701017111,0.0954620159026468
-0.0793730384234046,0.00946200439380207,-0.0763975319169173
-0.0425919211000181,0.0358121605728767,-0.062075204331247
0.0253473366008467,0.0540142542511359,0.046087229139128
-0.0382366253897133,-0.0218736348830401,-0.0851894793963604
0.080722274120623,-0.0316274998148214,-0.0771867786025487
0.0160970602418723,-0.0428529987015178,-0.0923894431972043
-0.0324989863456949,0.0729640683630695,-0.0606458976725404
0.0130819412565066,-0.0465890772711258,-0.0135325081983606
-0.0928979405310509,-0.0607778938506907,-0.0299737298607933
0.0763615714134123,0.019865690334319,-0.0426315289078853
0.0717964640744983,0.0320151964162675,0.0731283151059561
0.0424037838374212,0.0154934902609738,0.0962755032233097
-0.0319975142954765,0.0765426171573702,-0.0523267097139909
-0.0705263241362176,-0.0557752001009632,-0.0839524397470173
-0.0252989980521559,-0.0200086721071362,0.0295652912355948
0.0859050628896086,0.0190377579849667,0.0788084463457609
0.0885605394046819,-0.0409097957538261,0.00684799672696075
-0.0635958017095418,-0.0155635438828588,-0.0733168075811037
0.00763588502493346,0.0603401225583268,0.0534917944694382
-0.0898460385718664,-0.0145534873754386,-0.0375214847260439
0.0886587969909011,0.0243612536512192,0.0738132560800386
0.0317960761088929,0.0202774255790585,-0.00970258375568185
0.0784905282007136,0.0780034436543388,-0.0132488330544575
0.0104705272748968,0.0715566411493755,0.0105978096720349
0.0386133560551379,-0.0813555827581545,-0.018577306063766
0.0993134035085822,-0.0551263562343127,-0.0189174349701791
0.0816221959447984,0.0224471510690563,-0.025160430983408
0.0825414931919203,0.0107232404242493,0.0955755811353406
-0.0575321992657505,-0.056278731746073,0.0458728316919388
0.0558665055050494,0.0311186041554379,-0.0421624350224739
0.0795924091996281,0.0437846213514712,-0.00110631770604606
-0.0997475832396514,0.049151031484778,-0.0777150249540521
0.0162928203256312,0.035874335759334,0.0338376478767734
0.0538644744519224,-0.0429912830406586,0.055154606818925
-0.0897296373417742,0.0438848172644298,-0.0472208212099609
0.0714140735668641,0.0957443351575414,0.0577906715088351
0.0331168803731578,-0.0896265518254435,-0.0473113723853975
-0.06032624017998,-0.0126755733666009,0.0335467599730533
0.0342174938639114,0.0899636945393713,-0.064081894818499
-0.03501780304715,-0.0550198968323226,-0.0959963340796968
-0.0915863722914822,0.0382836754975442,0.0952247005521285
0.012850609124725,0.0974476591658203,0.0129118498927401
-0.0728783275043112,0.0348047152225895,-0.0970215253512897
0.0944973856787658,0.0322385258874653,-0.0790077709832739
0.0536378977752807,0.0241596912245144,-0.0801075589683783
0.0527690132860267,-0.00730904260505736,0.0082611010021179
0.0721438103445992,0.0370644602195458,-0.00846947330077275
-0.0599548615237395,0.0882891384744127,0.0913428625815069
-0.0538261972672188,0.0661834674535707,-0.0944400608615966
-0.0602039526898467,0.094724890976082,-0.0290249259406128
0.0561413267927734,0.080362687190858,0.00467444396295482
0.0909661176575507,-0.0167121982185062,-0.0430517401260622
-0.0633970756813994,-0.0752298110640212,0.0744192806212501
-0.0827450477858916,-0.0622078542608403,-0.019321908007994
0.0764760704805539,-0.0738195995998847,-0.0567254131510322
0.0177646130426133,0.0419806026800044,-0.0927997453404525
-0.0746821909171198,-0.0541972265009566,0.0210799238597248
0.0816692905774375,-0.084328579814072,0.0181422665755596
-0.0375371300104244,0.0412230439480498,0.0610541736632505
0.0841712949093315,-0.0395948500113148,-0.0768792559994945
-0.0519049580303064,-0.0353989616287911,0.0374664007243304
-0.0438328117747525,0.074346109658546,0.0230140742992385
-0.0412396466875693,-0.000650969498798371,-0.0184245383291384
-0.0569505272487039,0.0363475791291511,-0.0446576334534619
-0.0876209691097068,-0.00692048449501308,-0.0247481558889471
0.0805742304181994,0.0878129212878121,-0.034085612549194
0.0347993049179044,-0.0515005048193825,-0.0120153320026564
-0.0663376648798274,-0.00732486727233936,0.0292241739933886
-0.0294561237917095,-0.0630984941183446,-0.0661514001380773
0.00748021118128828,-0.0393005440210145,0.00883045381435192
-0.0447460252434259,-0.0180955917935065,-0.0343005920379707
-0.0274829970380404,0.00963748321447422,-0.0304918234059184
0.0176749086667798,-0.0634483792406158,-0.0581001165040881
0.0749421930373639,-0.0870477969482956,0.0249417664350508
-0.0889756451751514,0.00676102339512601,-0.0574780047153802
-0.0497144911131503,0.028873070359111,-0.0586896823877257
0.0723160179812019,-0.0866610004296153,-0.0269517473487237
-0.0270576308168313,0.0203761789194605,-0.0105681991283862
0.0194110192262274,0.0673657151784127,0.090768592285293
-0.0552744670303751,-0.0235521821035373,-0.0907437808790331
0.00804123641107679,0.0456531035582936,0.0197161208303117
-0.0844477698052437,0.0767332757134472,-0.0600453842128458
-0.0644254554876061,-0.000579947771511202,0.0218994376739809
0.0338369668956345,-0.0798867070641625,0.0935958654534862
0.0160014452792277,0.0760002020233734,-0.0485383106397877
0.0254944160494414,0.0839728049748472,-0.0775381558772929
-0.0826333149804816,-0.0939731154106275,-0.0428577091903631
0.0681136929219539,-0.0694595168234609,-0.0761346807444844
0.0996630605813203,0.0967323538102475,0.00644657141530576
-0.029659774630529,0.070848249615731,-0.0116414455545463
-0.0488508162038797,-0.0800655592159802,-0.0827981507389305
-0.0684711407955089,0.0327676927329043,-0.0319679126114632
0.0686457587100557,0.0208378558966963,0.0320701078821214
0.0609920208221712,0.024604150557676,-0.0720973455114481
0.0186796362867677,-0.0985513138031349,-0.0913307416179541
0.0205479632410054,0.0473042017095624,-0.0904437398599957
0.0845743301977396,-0.0968664747549328,-0.0517035453436912
-0.00794622722480758,0.0101246484889443,-0.0663582266505442
0.0506848129954881,-0.039982099144442,-0.00273357722843148
-0.0795575825281349,0.076131895143776,-0.0784586177037541
-0.0916890179584008,0.0442883991193684,-0.0648274598517984
-0.00756794570640278,0.0799940325237807,-0.0610566032921485
0.0555819051743758,0.00269627100688512,-0.0453896344932853
-0.017533637662436,-0.0120665605469277,0.0204899484460592
-0.0837168962114481,0.0346655581879318,-0.0798645450412595
0.0146643734100898,-0.0879797846538578,-0.0984677663468682
0.091368120770383,-0.0352606323162385,-0.0879262639585477
-0.0115635953110251,0.0326330801154385,0.0406268108801145
-0.0488708795619591,-0.0692240379863708,0.0622867519537699
0.0590543654514909,0.0788327085090084,-0.0145888905915345
-0.0372835037856583,-0.0119393445715877,-0.0319093905065567
0.016596675888966,-0.0797164713475454,-0.0665710253482275
0.0544883151782501,0.0981508455356536,-0.0311265602221876
-0.0360064190662304,0.0140488964527407,-0.0554490912446286
-0.0873233976970294,-0.00787185954500731,-0.00409009077592155
-0.0832921989952699,-0.0992002685085856,-0.0217936070800629
0.042366842019,0.0307432477639174,0.0784600882543507
-0.0316913191728513,-0.0200367327952904,0.0310594476462753
0.072571508153251,0.0422581238364187,-0.048313156958697
0.0609247677400374,0.000925169392248892,0.0593664703342776
0.0879140908026071,-0.0410331762358749,-0.039660041886414
0.0516713624219003,-0.082637890388688,0.0452192511234077
