-0.023291237932158
0.0266270585636772
-0.0517712118970658
0.0563216758932722
0.0235301357252259
-0.0328598940979995
0.0926471495849607
0.0618438760165409
0.0350535566808232
0.0245623316970129
-0.0931251270557556
-0.0333443285467474
-0.066568774101776
0.00219630387749432
-0.00388272747194918
-0.0212752800344886
0.0278908058608887
0.0950966328529347
0.0222489232550142
0.0404523409621765
0.0328159919016024
-0.0242569281632146
0.0474761947731874
-0.0609962272795294
-0.0389676403903162
-0.0962800686183553
-0.0967411907507795
-0.0875472257793444
0.0876886301801578
0.0680376663600862
-0.0995108233804651
-0.072744260873983
-0.00656138588130542
0.0899912780397739
-0.00152937359608987
-0.0183791822752445
0.0987932932563406
0.0247644185924
-0.00862795870192297
-0.0795185899456352
-0.0348871480631362
-0.0777640045415423
0.0828190802104303
-0.0694867750644252
0.00697715601293158
-0.0366545236331785
0.0811183137625276
-0.0837191215028679
-0.0955990702057263
0.0994342403118584
-0.00956746951209979
-0.0159574385642242
-0.0841608045052887
-0.0257830233027242
-0.089983128863326
-0.0189935090023267
0.0455574620151242
-0.0941331335795043
-0.0559192104030365
0.0209983668360911
0.0287382596278581
-0.00255534947690788
0.0552546357391362
-0.0559495358967712
0.0135661487381707
0.0683030177840703
-0.057827833431342
0.0459268190049647
0.0261615079772278
0.00392250166590458
-0.0518765277599404
-0.0731249366978399
0.0287672642143208
0.00504215438229207
-0.0979753822170531
-0.0570691968639936
0.0642512295517914
0.0158674494679567
-0.0697829194543504
-0.0842390025995803
-0.00827621713345614
-0.0365948892258134
0.069343616255513
-0.0570749109385018
0.0900227640511334
-0.00181263431518734
0.00972916225007383
0.0277692913114589
0.0403668320089306
0.0123689587021284
-0.0693005943709761
0.0717087057508976
-0.0481637982480156
0.0408394567480865
-0.0265710164547675
-0.0872310458941262
0.0209593127354208
-0.0290401481099413
-0.0188870878300915
-0.0767895517603513
0.0728344930396981
-0.0973066004304922
0.0132825160981961
0.0963404368147458
0.0892996245277803
-0.0947897875864828
0.0370979725242919
-0.0406221333828926
0.0862634419348522
-0.00623944744370506
0.00558713945903882
0.032652136205488
0.01269472977691
0.0232682185954979
-0.0945743243725863
-0.0566269537547831
-0.0763188109876421
-0.0247563980890461
0.00699292731800207
0.0983770364882067
0.0207825668279085
0.0445862466703413
-0.0876698322131056
-0.0466669122444059
-0.0631585817992571
-0.0708347204074183
-0.0953033860340288
-0.0873868142004973
0.0863976806965113
0.00717537101499766
-0.00865612967450857
-0.0672521836932164
0.0528662453646164
0.0775976544576906
-0.0139775250728847
-0.0352755236517149
-0.0939785630687776
-0.0112535897636988
0.0379451610415268
0.043274233616149
-0.0311857184834857
-0.0776959950883648
-0.0995831642672104
0.0701820862250181
-0.0130266454097843
-0.0217400150775702
-0.0812844267381936
0.0917160103923145
0.00449534700097243
0.0959581212244173
-0.07470025217933
-0.000888286186655862
-0.0360309536785547
-0.0844502721359434
-0.0570283015495762
0.0619814019749233
-0.053627473662208
0.0719570405481239
0.0409942876571488
-0.0659126228877391
0.096622899218445
-0.0824557134042593
0.0192701048168364
0.0351583663228606
-0.0697840572236296
0.0274739917876497
0.023790217041454
-0.045346416387348
0.0514583445653107
-0.0418278174369754
0.0328788615121658
0.0584254670060406
0.0220061279375169
0.0396552752781436
0.0183272132131866
-0.0586140233255738
-0.0649049918493727
0.0740329474010933
-0.0911256783710857
-0.0914151723669723
-0.0398189463756163
-0.0628092361184707
-0.078883822694063
0.0923249778883486
0.0361624610048557
-0.0481032465690553
-0.0542241083807369
-0.0413506199189271
0.0759183206487106
-0.0269110886494522
-0.0336517979125787
-0.00501826686231539
-0.083917546319507
0.0788330625173581
-0.0238947516202669
0.00484215242958974
0.0518285139456026
0.0715760926238856
-0.0833659657826211
-0.0788862975709425
-0.0984342357928737
0.0019635818785672
-0.0320688133747229
-0.0534369511309454
-0.0488278132499151
0.0394120598233587
-0.0641980260521419
0.09514257335829
0.0941155861715095
0.0299437603875862
-0.0597898245982974
-0.0969346340907144
-0.0838477670273357
-0.0248332705002162
-0.0325621448301388
-0.0739898933258073
-0.020221507246614
-0.0827419911643126
0.0775752778827697
-0.0141678785503218
0.079367733955575
-0.0300246821498532
-0.0619928588710748
0.068235744420547
0.0936023624927679
0.00111609171384404
0.00947850581038756
-0.0926741420890412
0.0964968530043026
0.0515901334442774
0.0744267303042485
0.0237899666147344
0.0659143725129355
0.0559424414220132
-0.044651927158108
-0.0275769168009018
-0.0849125232709817
0.0976494953058531
-0.0073589560782553
-0.0332652417826095
-0.0340768829553032
-0.0489175259591277
-0.0748893570135122
0.00232246950046429
0.0691264319532828
-0.0935712701362506
0.0270563262836866
0.0178608644914823
0.0685869563638641
0.0358577689883918
-0.0296465631546085
0.052409240646493
0.0106302254741059
-0.0845897172978823
0.0233233698199241
-0.0332352441583281
-0.0136778206765385
0.0612881903118496
-0.0548350946614291
0.0954389624185707
0.0973359495167097
0.0553621905462192
-0.0959603255111808
-0.0232299073010851
-0.0609278130229617
-0.0792509561675525
0.000208683462939652
-0.040062359926645
-0.0804616424711285
0.0632603745274117
0.0351224125652643
-0.00912096794071555
0.071989030725984
0.0377924028969552
0.0183234374691181
-0.0189581274294024
-0.0544220789157514
0.0130942507921476
0.0355555315392708
0.0835101371311692
0.0620595074690476
-0.00995583513246263
0.0844596613425564
0.00139556374930139
-0.0973929043278076
0.0447353399132505
0.0889249816643143
-0.0268767166760847
-0.0808926000006166
-0.0207898114863921
0.0802289138210607
0.0996204677281311
0.0143623365463538
0.0247814694064236
-0.0270914878750835
-0.042584788869509
-0.0179761657216555
0.00898289964322911
-0.0467503814449758
-0.00659966308913351
-0.0773265070070707
-0.0592490569578122
0.0152499137734464
-0.0376210588980043
-0.0503268816040426
-0.0281741023432766
0.0136663316846245
-0.00903660578049095
0.0640557294109265
0.0837922108756365
-0.0986155230325679
0.0182094838921609
0.0171618307902295
-0.0568334768871682
0.0382796345710392
-0.00825912717427324
0.0545156784702473
0.00992195308806734
0.0122778164849124
0.0343689873491864
0.0672530749450713
0.0197616170698353
0.00483240056318495
0.0862292123625523
-0.00841342122432143
0.0515857448799007
0.0537847971251117
-0.0152396324241477
-0.0989646359668811
0.0694017980871187
-0.011109338881957
-0.0271141559287254
0.0359032012079466
-0.0112366335553909
-0.00498498604609512
-0.053589003598283
0.0045041072288379
-0.021734716489573
-0.0634853711305916
-0.0513329487728567
0.0278151060536148
-0.0112217926400823
0.0275560490802056
-0.0884036620990638
0.00634761441285321
-0.0712792770112149
-0.0627082372779517
-0.0693379399809705
-0.0751890789033318
0.0239663597187943
0.0841633855237884
-0.0443817434395929
-0.0922246451530518
0.0825319302193516
0.0623367045765331
-0.0675192681861674
-0.041323205196767
0.0332981367326242
0.0844771790459409
0.039020415587887
-0.0875195065498641
-0.00171273955393731
-0.0194703409677023
0.0426764546600507
0.0433945086498906
-0.0737728508656593
0.0393733893200932
0.0995596588118262
-0.00431664217601258
-0.0092376793458973
0.0991951460537917
-0.0514790802481195
0.0625443139750181
0.0924062000016515
0.0374782022909869
-0.0262428193158336
-0.0172434607230438
-0.0650899432745415
-0.0342112999850429
-0.0671846530411558
0.00374659980988863
-0.0599383283812128
-0.0259505498192875
0.0629885803577006
0.0186130415776573
-0.0453369128808054
0.0315330830551232
-0.0608826908496767
0.0306302397780171
0.0247587965279624
-0.0810794160529047
0.0316106747445402
0.0925835467227232
0.0499639976418376
-0.0814027617353162
0.0560661600328513
-0.0114894484121948
-0.0961048782996721
0.0546320151423382
-0.0260026987079056
-0.0288490391156147
0.0159509941832464
-0.0863551332740961
0.0346415367703479
0.0835349007877892
-0.0790370017353561
0.0115928605135433
-0.0945023634641851
0.0430462980750977
-0.0701697680389634
0.0352812534081585
-0.070647577102074
0.0223477738545638
-0.0401441651656671
-0.013333292937256
-0.0962553083988635
0.015849764117745
-0.0940911031760604
0.0872268080016538
0.0177303662633521
-0.068461138671047
0.0423949877639287
0.095341768823369
0.0796621455952848
-0.0430681372369762
-0.0503530218940377
-0.0126859222824933
0.0923508293100002
0.0725956143818553
0.0934249012628112
-0.0166684520009711
0.0831891132114179
-0.0931690296295423
-0.0675241052839875
-0.00313024888444937
0.0492736844232007
-0.0123695242748084
-0.000683158325502808
0.0094875922525433
0.0145988490295616
0.040742086117742
0.028627836608907
0.0845886018120053
0.0287554684106407
0.0592729915356568
0.0818264417301263
-0.0744135332640913
-0.00494780144152318
0.0104902038595382
0.0500051504237674
-0.064823156413123
-0.01039461241177
0.037363394131866
0.0807770580537381
-0.026607320972682
-0.0553835144097325
-0.0406722497514707
-0.0418951781019159
-0.0747600335296409
0.0576392058333937
0.0989747419919101
-0.0527367662389642
0.0391979057270702
-0.0925509511178901
-0.06958473344837
-0.0952051316971092
-0.0169051307539667
-0.0495173970089225
-0.0191949694654657
0.0284293619329037
-0.0698670256836969
0.0102955152330158
-0.0869007871741295
0.0883897753115237
-0.0678092404465512
-0.0824821041267592
0.0296336794982097
-0.056774570544785
-0.0282082784518983
0.0134766399284388
0.0590967788930747
0.0375186311391026
-0.0590278712734337
-0.0498662468078451
-0.0101937982199378
-0.0314989792149091
-0.00658454021329882
-0.0664853830324382
0.0589961725026865
0.0642494454982293
0.0366625537951374
-0.0828958157836909
-0.0275619460515541
0.0626598269759755
-0.0326660420355832
0.00777009731205827
-0.0248793688818878
-0.030354793288078
0.0541287707507589
0.0408810098463522
-0.00655487152582004
-0.0923510831412169
-0.0950939610509216
0.0451355093400738
0.0289557299876902
0.0057446404711984
-0.0591451926813189
-0.0658894629600281
-0.0434692338511859
-0.0634641581069821
-0.0890689605627702
-0.0864190646509737
0.0798311345722695
0.0481231491842171
0.00314144784818775
-0.0590804550917659
-0.0443962680366109
-0.00200660293818091
-0.0647704219954125
-0.0294969546758419
0.0700102324934472
0.081996379252311
0.061919518978487
-0.068871978842465
0.0627582044427604
-0.091292126503756
0.0304693272436583
-0.0686061462625265
-0.00640952895421787
-0.0867205705027107
-0.0881531284310494
-0.0181783132858641
0.0229488077375132
0.0995773784802774
0.0744656189917956
-0.0562289551660662
-0.0892669976848212
-0.0620227283738553
-0.0667141613623994
-0.0698605908932637
0.0129838277309791
0.0216031827737255
0.0624624030000882
-0.0696038628410876
-0.0645623273578512
-0.0529387042677205
-0.0299177262184042
-0.0554207887279541
0.0306956332293753
0.0843622464288696
-0.0246714792613175
0.0888170382013204
0.0311448513984654
0.0155872786763426
0.0196406197343667
0.0726222177641326
0.0864171624405827
-0.0262330849260006
0.00671309497641748
0.0415019352824616
0.0130140818938046
0.00107696811633449
-0.0976601018535256
0.0225986903540894
-0.0886074012690208
0.0173731631562983
-0.0453765598698872
0.067174408350218
0.0798531701103039
-0.0596947031091413
-0.0696346737769692
-0.0736517282695783
0.0648053290707306
-0.0873992963413114
0.0871392186133764
0.0197708101776257
-0.0569393166612819
0.0858715814996921
0.056103351111687
0.0924029491495434
0.0440137660524155
-0.0489462620006703
-0.081776113962451
-0.0758126035483049
-0.0348236233572899
-0.0916032610076699
0.0661859431270251
-0.0880393491119874
0.0359280733547714
0.0745925080119671
0.0155440238201288
0.0423565361022114
0.0747342464700309
-0.0794062601830779
0.0915010239679222
-0.0743497475391278
-0.0330261257959507
0.00271832530957314
0.0365502258754345
0.0969594680588041
0.092907015776504
0.0489836692877759
-0.00572489571477774
-0.0912523712512143
-0.0289362386098925
-0.0441434369787442
-0.038569575718097
-0.0632465380690904
-0.0458628725880957
0.0142887576825416
0.0500859160012336
0.000689955253148855
-0.0124531846252457
-0.0451153338015482
0.0064329736760341
-0.0125777075443738
-0.048188961491911
-0.04595476710504
0.0477901126794144
-0.033851096550336
0.0512738464193208
-0.0199905841503821
-0.0186411944949898
0.00357934334084338
-0.0259840246548445
0.0745144537815959
0.0475496403015606
0.0870036075880569
0.0578964860311495
0.0353125441571448
0.0547005163961519
-0.0491864636710286
-0.077368115574746
-0.0754013476608925
0.088205645090537
-0.0301859945027733
-0.0683779490796801
-0.0459786933072426
-0.0988783948272844
-0.0622091427298423
-0.00620339214015606
0.00843698014082279
-0.0732708521203461
-0.00398370496527576
-0.0156671991127175
-0.071734179238224
-0.0830752467867904
-0.0133927254969402
0.0360199645691679
-0.0424407818296329
0.00911365446407486
-0.0314489602332294
-0.0833032272841128
-0.0162907520709627
-0.0789087346853845
-0.0160584596169954
-0.0307996359890917
0.0333918946745139
-0.00922121290305316
-0.0363678609741335
0.0891805114230742
-0.0798539981544772
0.0805880674818934
-0.0538265397002015
0.0198303435137534
0.056065218544395
-0.0486675436773896
0.0170230379301874
-0.0860950251952184
-0.0105446521042355
-0.0089695988746987
0.0701091716752354
-0.0246478293531381
-0.00555563261492629
0.00973987596706629
-0.0888524063505721
0.0286252727135674
0.0737697022203668
-0.0930055338211811
0.088927137458616
0.0411181833893153
0.0599659143168213
-0.00681987637615997
0.0702555892348723
0.0204134255452342
-0.0554021505912936
0.0518040706823049
0.0758164632680375
0.0177052124952754
0.0699278883075887
0.075688314301488
-0.0662635572258318
0.0688356863925304
-0.0853888542325111
0.0420123677881541
-0.0120402971495412
4.23445938854572e-05
-0.0925698822156094
-0.0792461304673886
-0.0780472975567639
0.0325182767193976
-0.0310211934865582
0.0183976141064687
0.0680406892425471
0.0429435957210059
-0.000764384801482265
0.0796874500402593
0.0704975381725267
-0.0213188528101137
-0.00213089827726045
0.0196692404186659
0.0598300229212307
0.00209909986914707
-0.0651603175178865
-0.0732645687827049
-0.00882101715351886
0.0497619900462628
0.0630381167544893
-0.0452959481303294
-0.0124606172081888
-0.0850833493788543
0.0427445559397162
0.0036567679547205
-0.0994093468645712
-0.0557571659617648
-0.0507039654278371
-0.0506982179712809
-0.0158282568806128
0.000351974202708716
0.00872495135758684
0.034029858489548
-0.0701052336026807
0.0934644355235302
-0.0652376670173268
-0.0461852851354583
-0.00937383228888944
-0.0312616032070418
-0.00631524654404971
-0.0219871815344929
0.0459579358711553
0.0160915060698164
-0.0424132447028933
0.0764240292457233
0.0531273744919473
0.021178041217197
-0.0965742266804148
-0.0419292415751223
-0.0417655754741009
-0.0721722320067763
-0.0419805608661598
0.0629682715887739
-0.0951885639002824
-0.00912657194701913
-0.0575540481906018
0.0564308042560483
-0.0209672807182438
0.0514862847229181
0.00363614475070462
-0.0900520491048751
0.0235001023569849
-0.0165009961449774
0.0477671748570511
-0.0199937651803297
-0.0560587482071528
0.0466918284527733
0.044588726282501
-0.0832136841122492
-0.0486153204394571
-0.0306785310186875
-0.0448228074938594
0.071515620444622
-0.0130862904143991
-0.0350747714239676
0.0658077656299066
-0.0987036723187976
-0.00578644443615033
0.0978341872358031
0.0633718061284402
-0.0306910118181523
-0.0294154644150548
0.0548533830875339
-0.0863115080435939
-0.0501517112166256
0.0432250443167348
-0.0153235698357799
-0.0483283076564637
0.0691243510103212
0.0778829129633607
-0.0264366299234737
-0.0304243624748239
0.0955256950858916
0.00518632488660911
0.0571334403339814
-0.0442788634818171
-0.0686381500177143
-0.0730770796874759
0.042579214406309
0.0416806722680492
-0.0391615385718843
-0.0577021625901036
0.0757129583515073
0.0540038696399876
0.0364292159466185
0.077011618581712
-0.0148873471410617
0.0550229327355303
0.0571734210144172
0.00270393538896585
-0.0916559042883916
0.0106105465533564
-0.0168451443506783
-0.0532216898057093
0.0435638279821154
0.0614483393319631
0.0776668530425649
-0.0444018300348897
0.030058003246802
-0.0120245363275781
-0.0325638949918235
0.0211316233792348
0.0159585225940844
-0.00464763495894194
-0.0951439692906017
0.000938590317080545
0.0372291108776172
-0.0991444066002176
0.0204340346610344
-0.01071958703473
-0.0632686154252658
0.0731003696356591
-0.00820569911846822
-0.0197696908617594
-0.0215510163428573
-0.0765936359046705
0.0766348231620063
-0.043387345879225
0.0228700236645985
-0.0858754197043486
-0.0063590604138754
0.0185214637708685
-0.0659337557881066
0.0552422818815224
-0.0207981385650716
-0.0805003512054804
0.0507158790009073
-0.0502956353279328
-0.0803165345985035
0.0555307316060342
-0.0401404656249801
0.0811078790340471
-0.0231784493241959
-0.083122755345942
-0.0444578428430261
0.0893883375271415
0.0842288433210662
0.0616026288669351
0.0845624010470072
-0.0719293782720663
0.0317156440758973
-0.0304874139089822
0.0669689756828677
0.0654100511647198
-0.0383190659010211
-0.0101172699932318
-0.0787480197154768
-0.0809454802274031
-0.0367620124183803
0.0122304609938639
0.0563777154302835
-0.00679260060945477
-0.0166841007473879
-0.0476369371988157
0.0385618336274562
-0.0328891202909831
-0.0822230950730072
0.0648704749765468
-0.0775300630040998
0.0147260243808684
-0.0793730384234046
-0.0425919211000181
0.0253473366008467
-0.0382366253897133
0.080722274120623
0.0160970602418723
-0.0324989863456949
0.0130819412565066
-0.0928979405310509
0.0763615714134123
0.0717964640744983
0.0424037838374212
-0.0319975142954765
-0.0705263241362176
-0.0252989980521559
0.0859050628896086
0.0885605394046819
-0.0635958017095418
0.00763588502493346
-0.0898460385718664
0.0886587969909011
0.0317960761088929
0.0784905282007136
0.0104705272748968
0.0386133560551379
0.0993134035085822
0.0816221959447984
0.0825414931919203
-0.0575321992657505
0.0558665055050494
0.0795924091996281
-0.0997475832396514
0.0162928203256312
0.0538644744519224
-0.0897296373417742
0.0714140735668641
0.0331168803731578
-0.06032624017998
0.0342174938639114
-0.03501780304715
-0.0915863722914822
0.012850609124725
-0.0728783275043112
0.0944973856787658
0.0536378977752807
0.0527690132860267
0.0721438103445992
-0.0599548615237395
-0.0538261972672188
-0.0602039526898467
0.0561413267927734
0.0909661176575507
-0.0633970756813994
-0.0827450477858916
0.0764760704805539
0.0177646130426133
-0.0746821909171198
0.0816692905774375
-0.0375371300104244
0.0841712949093315
-0.0519049580303064
-0.0438328117747525
-0.0412396466875693
-0.0569505272487039
-0.0876209691097068
0.0805742304181994
0.0347993049179044
-0.0663376648798274
-0.0294561237917095
0.00748021118128828
-0.0447460252434259
-0.0274829970380404
0.0176749086667798
0.0749421930373639
-0.0889756451751514
-0.0497144911131503
0.0723160179812019
-0.0270576308168313
0.0194110192262274
-0.0552744670303751
0.00804123641107679
-0.0844477698052437
-0.0644254554876061
0.0338369668956345
0.0160014452792277
0.0254944160494414
-0.0826333149804816
0.0681136929219539
0.0996630605813203
-0.029659774630529
-0.0488508162038797
-0.0684711407955089
0.0686457587100557
0.0609920208221712
0.0186796362867677
0.0205479632410054
0.0845743301977396
-0.00794622722480758
0.0506848129954881
-0.0795575825281349
-0.0916890179584008
-0.00756794570640278
0.0555819051743758
-0.017533637662436
-0.0837168962114481
0.0146643734100898
0.091368120770383
-0.0115635953110251
-0.0488708795619591
0.0590543654514909
-0.0372835037856583
0.016596675888966
0.0544883151782501
-0.0360064190662304
-0.0873233976970294
-0.0832921989952699
0.042366842019
-0.0316913191728513
0.072571508153251
0.0609247677400374
0.0879140908026071
0.0516713624219003
