-0.132670952254845
-0.463137869966175
0.492018159351044
0.311556441043557
-0.426941628066928
0.338553983427372
0.164711776477849
-0.471059014171643
0.317134562950769
-0.440403028797123
-0.0645767170433532
-0.489313646524693
0.080319670119796
-0.204477064530839
-0.392032371477402
-0.077041701126315
0.025222092629314
-0.242518421082799
0.123646869151045
0.480092161641959
-0.462131864168437
-0.195299556065196
-0.0434078399814647
0.00688909614838029
-0.497494147693134
0.254860502202092
0.486942519093767
0.09512403689483
-0.11103386485849
-0.148741382420061
-0.0496587612371715
-0.422591736377347
-0.206090347875895
-0.431342742641323
0.0650295777676938
-0.323028810565145
-0.217636255549441
-0.389140500965155
0.310947219588623
-0.00428012872727812
-0.240400414841121
0.195325055059797
-0.390307549388023
-0.314195382670861
-0.0326945577101828
-0.0754453224328331
-0.438487366905664
0.496979970396247
0.443419792983232
-0.180847427700602
-0.191794066163202
-0.28847840807398
-0.47040463932352
0.444727304873366
-0.260281731674001
0.1824884319708
-0.314622739239794
0.239532496216565
-0.24067641758486
0.270146926667137
-0.00727414946810212
0.363756477776195
0.175267623098183
-0.200778831146699
-0.455322803030568
0.0653461228660648
0.163515622623753
-0.365384693669155
0.339998063086492
0.348425207634221
0.431315128868559
0.00178584113667146
-0.115341285029888
0.209322862271364
0.133790043053521
0.447253022526954
0.448655410114024
-0.280578663373996
0.0867025766223501
0.133582596916763
-0.117752137246346
-0.324172264714698
-0.345261440288855
-0.298905255391815
-0.122551072628726
0.314802062121239
-0.376622429689553
-0.442134079927766
0.239617340920205
-0.132345662019224
-0.182281993779285
-0.316246579336106
0.0316256354246875
0.472662019823662
0.0908016308535027
0.25093472981294
0.272038907014424
0.000938857184723751
0.224984432720772
-0.327963213228972
-0.0596619557440443
0.448995721536724
-0.0218155278330956
0.289697152358391
0.365053063747299
0.308576140575638
-0.0713490300978824
-0.488859001952931
-0.423513495368011
-0.440227853419637
0.130468695935263
0.20272461528651
-0.044497070199584
0.15921100529551
0.0633682539078368
-0.113839163352911
-0.379251909403763
0.0986054085347264
0.180070505104731
0.0833798121599938
-0.0193618247494418
0.332558469692889
-0.246196767094491
0.149256080084276
0.1194475105906
0.286784656910783
-0.232114097119454
-0.0421858537910434
-0.177471506729237
0.409666243114712
0.338824252823303
-0.0523913441947262
-0.470745978038944
-0.11278192307157
-0.128689416295613
-0.0569151525795053
0.0270752892251308
0.203220237761355
0.231125404092305
-0.191441943980276
0.257342188158308
0.16529475901652
0.401182681275917
0.383708720496242
0.0756745915379753
0.188581365398686
-0.427165923417095
-0.00284146935866936
0.347902938276023
0.320758194431064
-0.128364798772467
0.400268574527731
-0.2496978331941
-0.310671060328115
0.469106538688224
-0.38671329748671
0.0669653393468401
0.0477269780955002
0.180968680096825
-0.211480408809719
0.386498238657423
0.073314037865882
0.147584145615769
-0.169663798868228
0.358420025273187
-0.246244060391418
-0.292179939764827
-0.0567885614559354
0.317912755370323
0.129993668394775
0.36393326861395
-0.190992842056352
0.316277489790965
-0.0582432750982784
-0.122968832959856
-0.0131874932714559
-0.253890375099413
0.286887991194716
-0.156805269104414
0.370745053902116
-0.341489955572429
-0.323438429411987
0.475684357042238
0.416085456553042
-0.0459783023244311
-0.15681805008213
-0.180490702040578
-0.267300923035438
-0.339076725693367
0.240680196463666
0.354267994654801
0.260755948450311
-0.164247991501149
-0.00604765743896907
0.326759477620098
0.46335265365288
-0.0932740092392339
-0.467682047552419
-0.159496339602275
0.472573567647488
0.331698429221696
-0.166209857208561
-0.00530194156647235
-0.349240260926151
0.0180965267419715
-0.268399773064647
-0.299369965167033
0.409361545854464
0.186834204028873
-0.457380303297134
0.100207482572369
-0.166005388736015
0.30349431871733
0.396568949777751
0.499950330424272
-0.437016771327939
-0.264914604413138
0.403322418188038
0.167037480458594
-0.118547843193986
0.26395419322353
-0.359639665618143
0.257393736968913
0.0765455131243035
-0.0838689695364718
0.361078299016484
0.0768317154835061
-0.305325502008232
0.311670944591393
-0.478040366458342
0.0995260063581924
0.443691995534553
0.474368387209925
0.40306543663771
-0.488862465909
0.186154049050826
-0.00694802793470284
0.25919792865338
0.499609265870714
-0.127906100114902
-0.461584010272069
0.201456579285856
-0.22343862360843
0.0768170915512078
-0.310962891399135
-0.18196307016599
-0.0296018439670259
-0.0663299847034173
-0.0229781478623574
-0.377482650674995
0.492691198966539
0.438580247597788
-0.0340996901718857
0.342154107243733
-0.277698949584489
0.385848589778507
0.331281407840331
0.154036048675085
-0.398919070489541
0.155573515041539
-0.0272541525353133
0.123843767731908
0.441291166497798
-0.322152948341297
0.0504314014834538
0.394936750386034
0.462609789665314
-0.122851682628952
0.263553983218849
-0.393320289619186
0.107033283269164
0.268417107318465
0.272122086922685
-0.387397830710454
-0.426311963981307
0.488957587212772
-0.361481231529672
0.316835661763784
0.267246546240851
0.0560022818562064
-0.395681475670676
-0.496834112326328
0.0851125860685806
-0.298323645731001
-0.420453191318138
-0.204970019542756
0.283311901449575
-0.073636920878289
0.224767412286022
-0.165067693294289
-0.217271709564994
0.402866981415046
0.326245975268035
0.161608743721553
-0.482576027007739
0.47231210927918
0.438237999516801
0.470176184108604
0.0623719433242306
0.180532441825583
0.110316837919239
-0.22145972230446
-0.326801901076433
-0.146754212822578
0.108778583366462
0.0121671478229
0.430408594337493
-0.161049245077973
0.463799813081452
-0.093719516134859
0.0684412916470097
0.286602161831846
-0.206980259686338
0.448250296498285
0.44884367592935
-0.382893120762727
0.286790154754434
0.0425632179900296
-0.0482141860138102
-0.434069190451979
-0.222541906829836
-0.46883275436392
-0.114790932172318
-0.0604006993941821
-0.124280426915218
-0.337661269799335
0.274279840891423
0.438473958471317
0.460392968500369
0.021991686422846
-0.220029024315964
-0.416333840634671
-0.02422575460814
0.488874558940757
-0.0541009853700893
0.35364799440585
-0.284311173284389
0.474713585585876
0.0144761474477537
0.300990692921292
-0.181407581582377
-0.0362655315364562
-0.115061872645005
-0.477669280994847
-0.373358925786711
0.473588092408885
0.304404282383146
-0.0469198718446704
0.356375230356262
-0.00757553645463538
0.212702505815574
0.0748898654636503
-0.321936107164083
-0.104095670988403
0.257371589501222
-0.121983361561496
-0.300323595824208
-0.208494903841402
0.293046235471418
-0.280574115628536
0.290412721220117
-0.460948540214918
-0.392827247774645
0.489524606566511
0.285582648095879
0.411194788312277
-0.259765360318203
-0.390216945989151
-0.48432104647762
0.279284512926796
-0.0435492498447688
0.0161810835712158
0.3833104410573
-0.225442958280758
0.0513994640652577
0.222869366339481
-0.46101435156888
-0.449592611943209
0.0207000208684451
-0.0592909234843669
0.213882467116692
0.103853797841548
-0.267546260126855
0.0585371719230221
-0.433583053502314
0.0326726480760577
0.205048250469441
0.165875401092159
-0.36602121328067
0.487945131110884
-0.446433432474356
-0.0285143492362864
0.406237613649256
-0.315807967083672
0.0543860267067039
-0.24217220570311
0.362798644107276
0.13858933879243
-0.17092498466458
-0.298416298799792
-0.222619851638118
0.327482757127445
-0.114887155775542
-0.440398527190199
0.171584692711958
-0.36315278282824
0.313703163900686
0.415553298977544
0.495673750617255
-0.205307132614288
0.0518600193463049
-0.310274901906091
0.271314421572941
-0.122784855086968
0.140969900122994
-0.382081276216588
-0.27658310042527
0.461123263418446
0.362935471797704
0.347796941760172
0.318741401309752
0.499634606650045
0.0199623799785371
0.0392194986174601
-0.386682859958864
0.355649598271071
-0.312792304120803
-0.288156603048004
0.314439869643527
0.0928166125130012
-0.218839613334547
-0.219412040910727
-0.423571812315969
-0.332618249911972
-0.117138627605151
0.381378915044763
-0.107694122566617
0.179865877168356
0.274146426714221
0.334919566536238
-0.249193753089528
-0.381534184399484
-0.235481679968226
0.224800542066938
0.326384472449053
-0.00538229850561078
-0.489200553781279
0.0581830551841893
-0.318438309101524
0.357317886137051
0.479311284230229
0.0181004566989744
0.360189711807878
0.212959198719076
-0.463676199937611
0.218352445721388
-0.386225440613083
-0.106265740111173
-0.448974901968129
-0.437928827593355
-0.0911894699323712
0.307494462098203
0.393145264361109
-0.407593903700681
-0.208215174445285
0.0877918899534079
0.367885956411888
-0.181594599235128
-0.214601759841499
-0.231879156009832
-0.449109397124131
-0.00368316650075717
-0.316830386463218
-0.322801808289502
-0.340409916651866
-0.145494670207406
0.442646104740285
0.436561913853595
-0.363767777680181
-0.340821788226031
-0.216424757963593
-0.199011566957571
0.357331181918951
0.311015078962958
-0.00466967249125039
-0.202256560153649
-0.0201403590759939
0.0909181005127213
0.397535507131229
-0.0290837916590734
0.130982311225439
-0.0391084756479311
-0.25323954635031
-0.228317915354487
0.24199656591124
0.1859079546906
-0.288328329663147
-0.294160461944783
0.294591729932083
0.0474190718240114
0.0968388882766423
-0.471356942031321
-0.375695675060731
-0.23807840461014
0.43922642206886
0.301107256409231
0.0365152604611269
0.305843750373917
-0.311675257011221
-0.111087478136582
0.361100409930352
-0.446200050105381
-0.154972861400251
0.463887339787254
-0.126283272605027
0.0679579582760859
-0.182477797970637
0.2723040596357
-0.452083181173838
0.1806498397093
-0.310902702931403
0.200933023642837
0.185841178969925
0.213996343812899
0.00167217464688352
-0.431231340562118
-0.369695210737322
0.320010772489309
-0.159855963096658
-0.0740960722356723
0.0529017410421181
-0.0193894579638467
-0.440875798294316
0.40709978591753
-0.0656705896500339
-0.444282283051892
0.10959060323989
-0.133378662106455
-0.367728369873907
0.18402909510424
-0.200858659144369
0.263063942122719
0.0279947112711481
-0.132804865157926
0.0869104997351529
-0.413456840992484
-0.195847658724594
-0.0687100437348478
0.231811420365834
0.277123086547556
-0.382917913826371
0.0380778760080657
-0.0342689568025454
-0.0382620074756937
-0.372339495980568
-0.399421747337764
-0.0419462087446376
-0.179639534334827
0.22002013314839
0.279723756242587
-0.305179163952631
-0.10900739197041
0.263041633052929
0.30109330002368
0.144885352354818
0.378529081530956
0.042709432169367
0.484875368112974
0.174612802637977
0.479722190873469
0.0922507332287867
-0.265707591919794
-0.0584806150895925
0.473007990485081
0.455323987420899
0.223172876552105
-0.0245181500192391
0.360888698556452
-0.218828330328963
0.312053360669556
0.19961553929765
0.458613995931804
-0.105077295150315
-0.0131685400344911
0.0536879487873747
0.271338484530312
0.052806394196722
-0.312529142794181
0.0994411349605339
-0.0337494658336432
-0.0859327168499053
-0.237744311105842
-0.101316927134203
-0.37293380568453
0.0440609415113991
0.152398682460954
0.476240646314686
-0.269657079197984
0.408341612330882
0.191833044585974
-0.209106986594906
0.498433289837625
-0.407651846271104
-0.0630710446480341
-0.315746777583022
0.289378642368465
-0.272295379658249
0.261723552491499
-0.192731264800195
0.448550655598969
0.165573070231589
-0.217784697465815
0.289244611433657
0.308602738882756
0.433595157095279
0.344732737627909
-0.398003146689325
-0.199174413976577
-0.319681001090825
-0.219792214972456
-0.306236382182477
0.492263787540946
0.0721582774864991
-0.128281858727163
0.00664786454527244
0.00842804381076623
-0.390118584741552
-0.281676347396392
0.0222416423753147
0.353497676616687
0.271969147934033
0.00376165470962653
-0.441561018757321
-0.199161485639784
-0.229659173644744
-0.0578282633278866
0.494954786589398
0.265107251014992
0.0841073560698186
0.155264536185338
0.447121274203203
-0.442200282884788
-0.428207415827792
0.352937340066597
0.241631321557344
0.263749459963971
-0.489973619142576
0.445245204960187
-0.232947457067888
0.261857286775918
0.166203161156686
-0.462640805755378
-0.446697729632687
0.0964369607945572
0.310286422343491
0.268387453144509
0.21827556889715
0.462192008933949
-0.136762250020931
0.370358177923025
0.0728251958959051
0.461118103727373
-0.187199254261242
0.300244660388168
0.213601168870682
-0.396500439670314
-0.244960015455865
0.441443063463257
-0.322525855753068
0.150223383833479
-0.223568023720469
-0.0538449386094765
0.165367505273533
0.220193173384138
-0.206055259769887
-0.195352021392179
0.178948205504539
0.257319397287268
0.303283756536938
0.455438077183204
-0.36626317995228
-0.229067574312554
0.404306879119436
0.00451575742987109
-0.0927757306848906
0.243646428551284
0.30675324304987
-0.0731789742005107
0.462967381643434
0.240245817959931
0.0978334524567747
-0.188981816377552
-0.312828159701903
0.313693719844989
-0.203341414648096
-0.0260813811695783
0.116797660928599
-0.481309605334122
-0.201720441465524
0.465562702376218
0.363476292485251
0.164490129478437
-0.360781150369537
0.29243354645923
0.0380038047860149
-0.189782337347379
0.058814259101847
-0.356190188404462
-0.0165979723549737
0.28034792799798
-0.121908426746677
-0.15097649561056
-0.313562600966382
0.451744192010546
-0.445650855480728
-0.433529850412105
0.439645231953024
0.11157927488441
-0.152658167544902
0.161256501667685
-0.365686418233687
-0.0686735834499183
-0.251779190188831
-0.0525860542174877
-0.0200885120404191
-0.290455455167608
-0.354085591237038
0.166728879501361
0.32999636800459
-0.257123753311052
0.486773946427244
0.160718612844495
0.481752256617303
0.0285804953100912
0.430460810377696
-0.204126260055257
-0.227544977797521
0.259481702531022
0.493559817151253
0.324296892945328
-0.197338640864149
0.0715194767424496
-0.0166534318271843
-0.134155936391195
0.244642059034941
-0.255815898151225
-0.399206181557001
-0.444890869946276
-0.0237955096307987
-0.0055580736155193
0.0858566285730178
0.209119749859769
-0.169388315001328
0.277654387359477
-0.113886470113482
0.0673381878963181
-0.274643458507725
0.131239130979607
0.194899757578842
-0.409746692804302
0.338279020067457
0.147382063510754
-0.251840185038507
-0.256656444546081
-0.0991687828675651
0.280967920552655
0.337886225537472
-0.472999192420359
-0.16203389882714
0.292345612390841
-0.248951829361298
-0.0597848936387453
-0.454643612748885
0.402460089942701
0.130935279633608
0.374807150042324
-0.015269131520979
0.149718270118114
-0.309931399272765
-0.123572105672674
-0.308741287424399
0.353077198402955
0.0914091900809791
-0.318754058394868
-0.473559025567168
-0.407717424633276
0.349197531567466
0.200507198366408
0.18573683252158
0.0861680885580933
0.226771843202738
-0.00221751203293918
0.384582942172497
0.174414276957153
-0.0935489067408797
0.0786209601241865
-0.467337831116674
-0.0816711910569224
0.254250996611833
-0.0145112670921823
0.223550268704232
-0.0901060740828645
0.300382020387754
-0.292707229774855
0.475085374161416
-0.292425922678528
-0.355779109459391
0.326276883760881
0.431061384615075
0.257226807535394
-0.271695516074861
-0.448210411856608
-0.0835332270402406
-0.0725207604203376
0.0722894006028177
0.182579352519091
-0.498965439973445
-0.287286059464095
0.198654578769502
-0.400965012174162
-0.0437723121484523
-0.0368232790993479
0.0163944719551149
-0.019018248139142
-0.105783903205719
0.0851667331226043
0.118158640671368
0.164430797994389
0.00319466834280768
-0.28329889811586
-0.413788323094865
0.144764927402416
-0.14573664918228
0.130267639490758
0.24364433889618
0.286281302041708
0.297832674858216
0.437687359465959
-0.204160027315903
0.000619860515746695
-0.0762259946150378
0.262763888833435
-0.166931712506911
-0.0515968475534002
0.399073138979434
-0.160212774093077
-0.329961122205615
-0.275058035594552
0.0715574839476947
0.165748515895382
-0.411529990849313
-0.083474581040284
-0.0996068895573345
-0.329910202767367
0.17193693705601
0.235186525764422
0.219300776631701
-0.332319368008656
0.126647591263146
-0.456509341220141
-0.0500192120509145
-0.0718786093408585
0.495169535320864
0.487125319867936
0.288359331679916
-0.412898528032004
0.158281626260679
0.362193640036495
0.347331807292827
0.0451627828892937
0.432245392956152
-0.494221024049075
-0.0545056450062154
-0.176193048823077
0.323249192258929
-0.0924483063287678
0.038929589012083
-0.268648814501175
0.356614100678774
0.402305330064965
-0.182620261358684
0.484447309116748
0.127939520888551
-0.283920965489189
-0.363786791844424
-0.335881168124627
0.0461660373635856
0.194922535955827
0.365836059927918
0.326697451006114
-0.275808365855246
0.246437116733201
0.433362265113591
0.108681788141258
0.443871286040965
0.221266315114466
0.484528824137365
0.182088776505882
-0.0715192522910497
-0.393333285634538
-0.292916924963214
-0.200309754476234
-0.349113645572001
-0.394831657266973
0.171131093610686
-0.180323517906057
-0.280313192006529
-0.104727650945767
-0.198711082254097
0.0767433541120357
-0.117278098254636
-0.406222026000395
0.440461581638595
-0.344757941590388
-0.301204926180229
0.108862188356736
-0.434844005802361
-0.0832543244512343
0.285748081478081
-0.320461303078926
0.167693808209304
-0.487732943578766
-0.459744079683702
-0.0911111406256211
-0.140839066498198
-0.291253768670186
0.338932531264386
0.108030777104407
-0.0340166556224084
0.489916470676219
-0.104846438704739
0.0745225770737293
-0.165499552853382
-0.483053583397194
0.425917927616159
-0.457344076611125
0.00122564713966167
-0.154138991493297
0.29383875783305
0.167857878380458
-0.247911192394978
-0.195521139048346
0.0758691982403928
0.387367582311211
-0.285932457683116
0.132974595842603
0.041965453403025
-0.021894680344401
0.452758963335447
0.0554012417829856
0.387610521983751
0.423414146755652
0.00646011120274437
0.124520436285746
0.234985201769268
-0.351458349441532
-0.493067097376719
0.0730435555645917
0.246196315391954
-0.303354185263034
-0.485285149822585
0.0802163985830119
0.127086267877407
-0.235071340484947
-0.253677171528152
0.121768517744823
0.481384699546511
-0.455542811928341
-0.30384233412838
-0.499964311033951
0.153363146596567
-0.490789167382752
-0.0570346906843848
0.0689513281166283
-0.155825203881602
-0.249776710008909
-0.0387752679800506
0.210925203029113
0.298903103859155
0.264563808931165
-0.0843316234767711
-0.0178933345082593
-0.0619398472029058
0.00587189763037077
0.441652729764566
-0.155018449628784
0.0753920558971698
0.333295066949153
0.420364992266149
-0.0457272666339593
0.0168769412157782
-0.0327205502942552
-0.300256228676236
0.405842573609074
0.0856382221479696
0.32546183689576
0.114608467615844
0.00461033894402729
-0.356726121163443
-0.180562984620216
