-0.276988771610576
-0.0325362666902576
0.361513168811598
-0.277019074517436
0.309504008934657
-0.377168724964003
0.204113445765281
0.317364753380426
-0.204193545397525
0.350342247443409
0.401105763322873
0.400567395638145
0.250192520915993
0.170326262242782
0.228490920694146
-0.326888345773553
0.174628323851302
-0.233129863088276
-0.262872186933651
0.0927987523990721
-0.162777579569209
-0.260536069371373
0.47274007245149
0.0688810064549851
0.347302179287023
0.024951297262174
-0.0426842053702755
-0.0701747849150416
-0.324580375762415
-0.349328636477879
0.313250400304849
0.08238303043143
-0.452928242006296
-0.0259497722484128
0.0641720993034208
0.329351585482768
-0.0245229681623599
-0.496794349946127
-0.0937953233348097
-0.34180513936612
-0.117838283956386
-0.476269107040647
-0.441107032742432
0.22584270780337
-0.19876585287768
-0.118975402059322
-0.288994546481612
-0.332749018291277
0.109847898880327
-0.143224671773523
0.398452298714714
0.325945389440485
0.11908220717254
-0.289453475526803
-0.137982575661915
0.439873934196344
0.162661796242843
-0.483697825615255
0.343378141734082
0.487043392700076
-0.284289141523395
0.0532508964138753
-0.107338048641697
-0.028039410323023
-0.134915202814816
0.381432318738889
0.244058718142036
0.467472884893796
-0.0827437179351932
0.435667242107466
0.263175624487524
0.375688099401218
0.368604834334962
0.0601297825572836
0.470468779508141
-0.15835077230182
-0.225039457741198
-0.368660976123498
0.463443958873561
0.0925691309566861
0.310823875535281
-0.401279388642589
-0.43307837136538
0.0318931642757784
-0.225201124500902
0.376329162635667
-0.3999440166065
0.466392508344581
0.388066100717964
-0.184743046318918
0.301237502975316
-0.349722086871152
0.0157056630170225
-0.0876018858173278
-0.283337337858404
-0.287784764311811
-0.258554907546638
-0.180076653756005
-0.0847044630740581
-0.482302095865976
-0.301511753491006
-0.272090174565615
0.0226026514520102
-0.0921652561990931
-0.0520515359750224
-0.158937373271602
-0.0900558793979347
0.35388542946079
0.0921395260420653
0.40104303684011
-0.159174234927495
-0.332129345857437
-0.4382585546575
0.333837865902684
0.305211765245745
-0.266050567421808
-0.205102154323052
0.158562046083494
0.075668350185421
-0.0949064456444505
-0.190128398947906
-0.300905762922208
0.332381773761039
-0.137323814374983
0.0812255417228513
0.169979608650345
0.0324272382364266
0.201901222750665
-0.0813627066447793
0.096211525035692
0.154663613952619
0.0413192835170754
0.414847638428022
0.292068768124799
-0.124276793888319
0.177288855708462
-0.225455893053539
0.363892983728941
-0.398127726458825
0.065907501215574
0.2425458296897
-0.471033737803898
-0.455307005327226
0.401756493905385
-0.319310513845665
0.27083483363048
0.347564525339912
0.43560338391136
-0.488226193446975
-0.420902642140477
-0.240960781467374
-0.0883249140149623
-0.485242489116314
-0.0734775125548706
0.0758384891692758
0.201513024114784
0.330408225640563
-0.342946480535669
-0.110780083059912
-0.248498747785472
0.0350284378685946
-0.112923049185659
-0.486637056436583
-0.212505372166236
0.144647504619772
0.0272686684370064
-0.366286573887045
-0.308787162775513
-0.211541911111171
0.438710369746579
-0.427942921844162
0.436901652088062
0.413757234021523
0.354421591018862
-0.378747949193348
0.0485920473607941
-0.139275354625237
-0.302430256509862
0.470816186110775
0.190907096829831
-0.262157499960874
-0.049261537831049
-0.316725216915628
-0.423298187865293
-0.070913918182574
0.000966985779551566
0.266122010576332
-0.499083360683651
-0.284856332286165
-0.451076790119331
-0.406584774584886
-0.107274273628419
-0.430385389222586
-0.188759766640754
0.000542764368969384
-0.325965229433042
-0.233179311174404
-0.144281519678776
-0.401497120156825
-0.260175865865911
0.446448508287522
0.411863429195938
0.220206527536042
-0.496139145595914
-0.239398509768935
0.0537916076651042
0.355983657545918
-0.453841907066365
-0.452098029420241
-0.148784291043803
-0.269156031868543
0.20870169729418
0.392469437837879
-0.103044470413683
0.247661113423939
0.0762933843005427
0.194591366610829
-0.419806586985353
-0.302342017632383
0.333287716761947
-0.127012079203217
-0.11571474049614
0.179332242365742
0.392227732942016
-0.226294918433016
-0.408294131641004
-0.444898820613805
-0.115626540625945
-0.0598532118759844
-0.485360498109814
-0.428466783718867
0.399007421118825
0.0260221105554351
0.196033661476145
-0.0571872152225822
-0.226151256410511
0.239158523235132
0.142333491186212
-0.0102448468507226
0.125687158955116
0.324815893644659
-0.477082018883259
-0.298168697092795
-0.289346993348574
-0.0754193422002783
0.0145479525348221
-0.0555270333817846
0.228652232045955
-0.495663706388627
-0.062740119608178
0.148302278590612
-0.1020534070795
-0.178893730943888
-0.102092774932783
0.0683569438081961
0.478644735390193
0.373224158587038
0.30121097572361
0.467246396100855
0.229484370865742
-0.438093146462692
-0.382857042526682
-0.483283305466175
0.232982320057264
-0.0766008095037318
0.26669369401262
0.017027571636448
0.428595902643376
-0.0491382805764879
0.0646146627574939
-0.3431330057614
0.244843322585594
0.0539761593073851
0.494118507871161
0.0197587472418198
0.290862937841815
-0.329090026118354
0.434015905283854
-0.343357401078239
-0.370011139921007
0.00142214560878451
0.243492680393655
0.411338727685499
0.189049510598485
0.0560664191386226
0.098734655747028
0.204146370816491
0.127368728106112
0.033387241132247
0.254610286554511
-0.175584722551585
-0.0133594677405082
-0.188371944844492
-0.194291263925495
-0.208511666248548
0.15260962955506
-0.373818631187147
0.456478958079298
0.108835842014802
0.132127361573867
0.0376331177528418
-0.0565928958763081
-0.157131656574236
-0.292607503125623
0.017550377027754
0.19422970288103
-0.00335781458895734
-0.102855574803051
-0.342389957404932
0.227453517101067
0.471943745857999
-0.343566098633184
0.422556311355072
-0.0417034706004874
0.274243349555727
-0.171430125332506
-0.136164535463342
0.289224582845959
0.0688632496499536
-0.43002515213156
-0.271978884407729
0.338745022825765
0.155590413970047
0.259277710145594
-0.400005186108267
-0.334160477706695
0.46145768439776
-0.455707484936432
-0.267861904455936
-0.232432972655714
0.0204929607657736
-0.140123824500587
-0.186186702476193
0.105746947524085
-0.0639951998371968
-0.293083762821121
0.455890685905899
0.158883557801336
0.0857483919904694
-0.444991909999594
-0.268064516784629
0.362339966494514
-0.434406378581242
-0.245390498568865
0.290167795837003
0.4583064283121
0.0539127593985838
-0.465714862966862
0.0516377841415103
0.308523464453419
-0.127898683290011
0.487577518001155
0.0387873030076742
0.369920361101403
0.213847448123019
-0.421190796446062
0.396178714135935
0.291661723425151
-0.476797586069945
-0.166007302423367
0.0433228220382353
0.211834029128692
-0.127114711054805
-0.124921222769791
-0.286216746729277
0.201108407042518
-0.430853575965093
-0.167244410544159
-0.487611041389497
0.332661535893705
0.186077797593376
-0.0483046059764791
-0.451011782879441
0.0781351473998507
-0.295155419342778
-0.153212843046619
-0.341906087404427
0.108071486210441
-0.0615221454413557
0.222626272478268
-0.0826143239912103
0.208218934085608
-0.0426394111978211
-0.307083695554806
-0.239800146588907
-0.126251424974065
-0.300028275420779
0.491891897443292
0.334495515945849
-0.428623959989745
-0.146005693026776
0.233184830145741
-0.229157392138458
-0.224298637342399
0.141346593674889
-0.0452874444743655
0.282001459388803
0.436112917935828
0.0445203586041419
-0.0186762776823789
0.401487527589247
-0.208354545762122
0.243549956482444
-0.134000532372314
-0.380674255111773
-0.434451229692298
-0.384481675192814
0.32134104109596
-0.344671150007481
-0.20506304432579
-0.271879542878859
-0.442560223546077
-0.0470219820968805
0.16425611550153
0.422506702807889
0.229179402313467
-0.0305747187014014
0.1268164293969
0.0799995214478157
-0.355247012914723
0.424098131787997
-0.424143041927649
-0.373855501929286
-0.00774820666541864
0.103993153878855
-0.106522797273954
-0.0904882465308929
-0.269803435873882
0.473732570244735
0.370965720349893
-0.0596958029955138
-0.072134336174869
-0.0716392473476332
0.332525568535911
-0.479613668927679
-0.350002445865374
-0.346282146780498
-0.443817532859731
0.16448912032382
-0.131503779500462
0.216810236924537
-0.240858266321546
0.301104252671893
0.439887041321338
-0.111521576913612
-0.280103564959512
0.167216694157499
0.0272386526269662
-0.243643279015068
0.348649634887808
0.128712090701149
0.301639166970728
-0.390580508355447
-0.0494865144162603
0.0188640901585949
-0.0366864464789535
-0.00531206547155694
0.0273900777692623
-0.46240968234464
0.328319548519678
0.267266424304802
-0.35838103783682
0.478589854083089
-0.354042618404846
0.458531475766163
0.292446595610818
-0.024141963123427
-0.414486499718666
-0.271489880361675
0.165346844246655
0.31940381581665
-0.454239801837641
0.136336986574219
0.406443856359612
0.105650128983484
-0.338852609417273
0.0721031201612862
0.149526854440002
-0.290642451928766
-0.0021689739086086
0.0970089028847974
0.413843626227424
0.138512110323523
0.228752554545832
-0.369507367629393
0.188244573191098
0.13314131089339
0.364088916135838
-0.319428382235072
-0.448303700395552
0.305882094599346
0.286201454408815
-0.0947471065461551
-0.195442873737979
0.432871416492673
0.441184568930126
0.440023992260431
0.129322396725965
-0.414190990446971
0.124775146098438
-0.0325024816349382
0.041853555296175
0.36756713688785
0.0798122582185932
0.128049512756425
-0.157254229804027
-0.485716211956395
-0.129822145534405
0.0550640684345294
-0.460745070605023
0.202141896785689
0.41686390151758
-0.268151292916905
0.0226056795867547
-0.440182694472715
0.0833942800333715
-0.00878390230313553
-0.0446722488075866
-0.135089357039131
0.306815404170249
0.115307207782331
0.395826878232187
0.308011694533701
-0.358005250097325
-0.335807043165295
-0.25417715884725
-0.00554339751514976
0.41157488719823
-0.246735037737921
0.0751673013832855
-0.428338410884814
0.292393747661139
-0.415254991739153
0.449077336340455
-0.264804559177399
-0.106212849871799
-0.0659304131378222
-0.408366446232716
-0.421217710252312
-0.400461269420713
-0.0839171353842952
-0.120277229323586
0.372771676963424
0.0974918342322838
0.440947242786061
0.463948823140332
-0.0210108240765857
0.238737740356334
0.200405164848566
0.211041872329294
0.26219592060333
-0.0520049375515196
-0.0857719203867381
-0.113328338188471
0.062441916488842
0.0929056190221305
-0.324064452094593
0.261368954506098
0.249789477162403
0.140920569725899
-0.265010556919709
0.15027739481788
-0.144492456742013
-0.122684130443879
0.487733121199042
-0.445184234905759
0.233522195702211
0.3715230045932
0.462513791780966
-0.014822416962558
-0.0545156038205347
0.443177843332526
-0.138527788585371
0.393948081743535
0.297550201865478
-0.321017490134847
0.0182156633562334
0.458966849101293
0.312523189998337
-0.102250878168111
0.242853712792715
0.238475817428954
0.265235680356236
-0.391970764436683
0.100555403156483
-0.213256103898884
0.357932493648317
0.0690806889723541
-0.324188593493694
0.319647735973762
-0.154534584498313
-0.0810276220934975
0.212044653446919
-0.206968209150642
-0.0684050553332665
0.22497379725667
0.342888670053535
0.384407884485264
-0.233508161878194
0.130334492467081
-0.167275314800973
0.214332829277709
0.142191749965496
-0.25741446161626
0.274649215738239
0.338056039911271
-0.00307597325805009
0.114982813951991
-0.0552429378957654
-0.0553401486234684
0.383941391188316
-0.253386485402353
0.077126555043709
-0.102288439509337
-0.475207365249877
0.278867087135872
0.0107635596384201
-0.490293207429216
-0.0580882534478153
-0.418026760129099
0.195764261322219
-0.237012909828966
0.0976457022631133
0.405649745391612
-0.186854330514518
-0.432677334613703
-0.237509464883391
-0.34989608559826
-0.241318661915019
0.210750511075015
0.313174288095987
0.312232369852803
0.0316604714702113
0.490304537215432
0.295606409711382
-0.358785782309982
0.184374721628425
-0.179983346070767
-0.401320513387895
0.438506901954029
-0.201161315096863
0.338069906331732
-0.22219678760259
0.420092839882524
0.27647272461402
0.166974909862876
-0.407672228572869
0.330174740892721
0.0476409735944087
0.361534543357957
-0.0955560209854734
-0.170922095406776
-0.138703375009132
0.00936741614041436
0.420990190636675
0.331515197274212
0.019776648472544
0.234401769609554
0.295085729116485
-0.26173092134539
0.0540997141476106
-0.136240549043543
-0.0745598412662304
0.490168291469142
-0.060299635809918
0.236763096230194
-0.275341668912306
0.263707177119044
0.0128000047203454
-0.364412619450892
0.0212339483475413
-0.39532265300423
0.431773452125519
-0.143577888653547
0.33243257684437
0.452300614234735
-0.421822416124129
-0.129285089281089
-0.176411724450727
0.153455304167109
-0.297594951756751
0.0634649495384441
0.110303883138179
0.120500531371764
0.451282353280128
-0.4214209018762
0.235969085202348
0.122449483170191
-0.260672886662909
0.164820739028373
0.413030367980551
0.0612191168197604
0.346323955062501
-0.193400832086162
-0.327531167781188
0.386275954881651
0.158665813325744
-0.0430694366750176
0.146172593161864
0.0898494629033273
0.0093378440525218
0.481784726370783
0.327627555706568
-0.267498556543153
0.214372456135806
0.466669183916383
-0.290370461311836
-0.242593540737868
0.0300629480278554
-0.245756025750103
-0.184028960595053
-0.461888457826687
-0.406214044317972
-0.498132774353681
-0.219803815698807
0.440930488196436
0.441851938452912
0.208522896205197
-0.331208130982616
-0.001466577850883
0.415405814496529
0.329563535264765
0.280141320983485
-0.332922635603936
-0.412079878486753
-0.00385508063786144
-0.130304936861819
-0.399248883192473
0.289815721202046
-0.08480759665563
0.0146943556488603
0.276418005007022
0.0555914857277742
0.424627731626119
-0.413844230300393
-0.0806420719104222
0.0139617560253864
-0.142555419567997
-0.0838028031577779
0.150879680128192
0.437966353283811
0.449227653484606
0.399144901107009
-0.266472154061938
-0.0599366125264151
0.366879784464564
0.353731188261871
-0.0789650661068697
-0.442922028181287
0.322945163026878
0.13051265572471
0.425225642053056
0.332364723367429
-0.203380779215746
0.301564695334594
0.164319780505417
0.234565179178294
-0.478775214556042
0.155676348994803
-0.263107826953646
-0.2312008621835
-0.141180396190135
0.229829231357199
-0.26157187585628
0.427340926161858
0.45323054982732
-0.350171610302164
-0.0753882413622122
-0.387633871690212
0.0353206326648161
0.142366103467722
-0.457580575715606
-0.119021729195476
-0.353857408633038
0.151680689174406
-0.481869550257253
0.450954299856204
0.0805553507019122
-0.113932088280294
-0.0902977241391311
0.0738790864334079
0.45093644986755
-0.150015663091221
-0.0154649961601383
-0.303727906954771
-0.277352606453727
0.436607946453949
0.331574458883133
-0.378387690636257
-0.213965042271277
0.223070793297624
-0.323434758349005
-0.446995610662802
0.465302858997061
-0.137963669821768
-0.27325806069833
-0.0757823391446889
-0.0452681476547069
0.203032770722444
-0.141456727877491
-0.476329314773788
0.181950925695284
0.0101683918016943
-0.193841217282635
0.0802137061091359
0.283738226858177
0.0229252304018392
-0.0950715507413965
0.0687752822722045
0.202240616689079
-0.18874692728297
-0.220840846173351
-0.00622424724498605
0.165136826078366
0.491393205930909
-0.403103694528529
0.470450037284415
-0.450686256727651
0.488648892588406
-0.269189408207214
0.082982157269288
-0.443544453033485
-0.372641646362388
-0.358151556020178
-0.0120373717012772
0.478841977358157
-0.106147860439726
0.26586812368278
0.288303460713178
0.153844212086473
-0.318400826346529
-0.482184360358744
-0.494103563765099
0.269782309515867
0.134995228055583
-0.194345361993536
-0.282110709815684
0.0814095769556511
-0.245663187672448
0.371882603216173
-0.0822929314120703
0.0314943372302536
-0.447929467736618
-0.061430404865605
0.097132251347867
-0.370264275250223
-0.380578390475385
-0.0151091835457574
-0.377878404274124
0.477356316428167
-0.212148947567602
-0.253408509664733
0.296514686158296
-0.374514145783886
0.248700284314103
0.487861650085967
-0.0195921867730151
0.000324042475263076
0.0710801085352231
-0.414279134948611
0.266355620551819
0.12402330630774
0.354537940832164
-0.0481754546107811
0.0481393246157472
0.112594321740728
0.349123162418735
0.124875710407106
0.3228741245207
-0.247845967785211
0.187562456800244
0.196436486110111
0.0988016429649807
0.494669346790232
-0.434314659016206
-0.261759337181409
-0.243156581546891
0.200214350508556
0.0473100219690104
0.179060802864384
0.27007127125568
-0.1093681744152
-0.158137499074107
-0.214264993507589
0.364820341815347
-0.232945386355629
-0.303889469253454
0.0993284516715949
0.160075982081338
0.0774674513048691
0.382713085786851
-0.278876000504816
-0.100043360535681
0.0951887899248334
-0.20454897876913
-0.0778177194142941
0.301700612791634
-0.0727674368771931
0.121806268256096
0.101387127895292
0.390017218271694
0.357783205746877
-0.406777913790773
-0.275631781171564
0.112235755345281
0.0536162021212463
-0.281393658730365
0.15559302077719
0.218923106757356
0.24575515742389
0.17937167879667
-0.214956415203293
0.219424086322149
0.478721675787707
-0.448132759127217
-0.0633778668330045
0.449818472696857
-0.275099484161613
0.191418377487721
0.487238295829102
0.174023576112947
0.161192629437327
0.120798456122572
-0.0365452130252868
0.185322301097729
0.441445692372064
0.330917337267853
0.47362445488041
0.40181343595429
-0.0835609910925308
-0.376149055320106
-0.311039271304202
-0.369097997999423
0.209903013400022
-0.270986132504783
-0.42164289907036
0.206115219740249
-0.197974250056574
-0.176994808143955
0.37173054829273
-0.00325484749399185
0.181737895645755
-0.0346024224750654
0.43906460643906
-0.257502524096913
-0.0366243363616968
-0.315492470591723
-0.196502720105073
-0.0904779589675324
0.0481874160723711
-0.317241896203079
-0.435238984741478
0.03380511697563
0.144365351795555
-0.433305002148076
0.101880894597303
0.336828575892064
-0.117760910517687
0.228265517791468
0.383666378567236
-0.00289973885755601
-0.399433535320812
0.380001010116867
0.419864024874236
-0.469865577053138
-0.347297584117304
0.483661769051238
0.354241248078655
-0.400327796079901
0.163838463664522
0.104189279483482
0.12302075278838
-0.492756569015674
0.236521008547812
-0.484332373774664
0.0506232424447213
-0.19991049572221
0.38065947571888
0.221441995596842
0.399970162618904
0.0134813550344256
-0.0603328027346385
0.173327790939659
-0.439898923269289
-0.176303161581193
0.163165400577192
-0.346120189931854
0.394163542545042
-0.0596967228579383
-0.398582356737727
0.490754227678268
0.0702444822637033
-0.0393592977250365
-0.496001342542928
0.153716238819587
-0.100183663976452
0.211290619182093
0.00462584696124446
-0.205165881179374
-0.41318945194344
